2elements
1	0	0	0	0
1770	3366	116	12	12	8	0	3	0	0	0	0	0	1.	1.
1	31	32	1
1	32	2	1
2	32	33	1
2	33	3	1
3	33	34	1
3	34	4	1
4	34	35	1
4	35	5	1
5	35	36	1
5	36	6	1
6	36	37	1
6	37	7	1
7	37	38	1
7	38	8	1
8	38	39	1
8	39	9	1
9	39	40	1
9	40	10	1
10	40	41	1
10	41	11	1
11	41	42	1
11	42	12	1
12	42	43	1
12	43	13	1
13	43	44	1
13	44	14	1
14	44	45	1
14	45	15	1
15	45	46	1
15	46	16	1
16	46	47	1
16	47	17	1
17	47	48	1
17	48	18	1
18	48	49	1
18	49	19	1
19	49	50	1
19	50	20	1
20	50	51	1
20	51	21	1
21	51	52	1
21	52	22	1
22	52	53	1
22	53	23	1
23	53	54	1
23	54	24	1
24	54	55	1
24	55	25	1
25	55	56	1
25	56	26	1
26	56	57	1
26	57	27	1
27	57	58	1
27	58	28	1
28	58	59	1
28	59	29	1
29	59	60	1
29	60	30	1
31	61	62	1
31	62	32	1
32	62	63	1
32	63	33	1
33	63	64	1
33	64	34	1
34	64	65	1
34	65	35	1
35	65	66	1
35	66	36	1
36	66	67	1
36	67	37	1
37	67	68	1
37	68	38	1
38	68	69	1
38	69	39	1
39	69	70	1
39	70	40	1
40	70	71	1
40	71	41	1
41	71	72	1
41	72	42	1
42	72	73	1
42	73	43	1
43	73	74	1
43	74	44	1
44	74	75	1
44	75	45	1
45	75	76	1
45	76	46	1
46	76	77	1
46	77	47	1
47	77	78	1
47	78	48	1
48	78	79	1
48	79	49	1
49	79	80	1
49	80	50	1
50	80	81	1
50	81	51	1
51	81	82	1
51	82	52	1
52	82	83	1
52	83	53	1
53	83	84	1
53	84	54	1
54	84	85	1
54	85	55	1
55	85	86	1
55	86	56	1
56	86	87	1
56	87	57	1
57	87	88	1
57	88	58	1
58	88	89	1
58	89	59	1
59	89	90	1
59	90	60	1
61	91	92	1
61	92	62	1
62	92	93	1
62	93	63	1
63	93	94	1
63	94	64	1
64	94	95	1
64	95	65	1
65	95	96	1
65	96	66	1
66	96	97	1
66	97	67	1
67	97	98	1
67	98	68	1
68	98	99	1
68	99	69	1
69	99	100	1
69	100	70	1
70	100	101	1
70	101	71	1
71	101	102	1
71	102	72	1
72	102	103	1
72	103	73	1
73	103	104	1
73	104	74	1
74	104	105	1
74	105	75	1
75	105	106	1
75	106	76	1
76	106	107	1
76	107	77	1
77	107	108	1
77	108	78	1
78	108	109	1
78	109	79	1
79	109	110	1
79	110	80	1
80	110	111	1
80	111	81	1
81	111	112	1
81	112	82	1
82	112	113	1
82	113	83	1
83	113	114	1
83	114	84	1
84	114	115	1
84	115	85	1
85	115	116	1
85	116	86	1
86	116	117	1
86	117	87	1
87	117	118	1
87	118	88	1
88	118	119	1
88	119	89	1
89	119	120	1
89	120	90	1
91	121	122	1
91	122	92	1
92	122	123	1
92	123	93	1
93	123	124	1
93	124	94	1
94	124	125	1
94	125	95	1
95	125	126	1
95	126	96	1
96	126	127	1
96	127	97	1
97	127	128	1
97	128	98	1
98	128	129	1
98	129	99	1
99	129	130	1
99	130	100	1
100	130	131	1
100	131	101	1
101	131	132	1
101	132	102	1
102	132	133	1
102	133	103	1
103	133	134	1
103	134	104	1
104	134	135	1
104	135	105	1
105	135	136	1
105	136	106	1
106	136	137	1
106	137	107	1
107	137	138	1
107	138	108	1
108	138	139	1
108	139	109	1
109	139	140	1
109	140	110	1
110	140	141	1
110	141	111	1
111	141	142	1
111	142	112	1
112	142	143	1
112	143	113	1
113	143	144	1
113	144	114	1
114	144	145	1
114	145	115	1
115	145	146	1
115	146	116	1
116	146	147	1
116	147	117	1
117	147	148	1
117	148	118	1
118	148	149	1
118	149	119	1
119	149	150	1
119	150	120	1
121	151	152	1
121	152	122	1
122	152	153	1
122	153	123	1
123	153	154	1
123	154	124	1
124	154	155	1
124	155	125	1
125	155	156	1
125	156	126	1
126	156	157	1
126	157	127	1
127	157	158	1
127	158	128	1
128	158	159	1
128	159	129	1
129	159	160	1
129	160	130	1
130	160	161	1
130	161	131	1
131	161	162	1
131	162	132	1
132	162	163	1
132	163	133	1
133	163	164	1
133	164	134	1
134	164	165	1
134	165	135	1
135	165	166	1
135	166	136	1
136	166	167	1
136	167	137	1
137	167	168	1
137	168	138	1
138	168	169	1
138	169	139	1
139	169	170	1
139	170	140	1
140	170	171	1
140	171	141	1
141	171	172	1
141	172	142	1
142	172	173	1
142	173	143	1
143	173	174	1
143	174	144	1
144	174	175	1
144	175	145	1
145	175	176	1
145	176	146	1
146	176	177	1
146	177	147	1
147	177	178	1
147	178	148	1
148	178	179	1
148	179	149	1
149	179	180	1
149	180	150	1
151	181	182	1
151	182	152	1
152	182	183	1
152	183	153	1
153	183	184	1
153	184	154	1
154	184	185	1
154	185	155	1
155	185	186	1
155	186	156	1
156	186	187	1
156	187	157	1
157	187	188	1
157	188	158	1
158	188	189	1
158	189	159	1
159	189	190	1
159	190	160	1
160	190	191	1
160	191	161	1
161	191	192	1
161	192	162	1
162	192	193	1
162	193	163	1
163	193	194	1
163	194	164	1
164	194	195	1
164	195	165	1
165	195	196	1
165	196	166	1
166	196	197	1
166	197	167	1
167	197	198	1
167	198	168	1
168	198	199	1
168	199	169	1
169	199	200	1
169	200	170	1
170	200	201	1
170	201	171	1
171	201	202	1
171	202	172	1
172	202	203	1
172	203	173	1
173	203	204	1
173	204	174	1
174	204	205	1
174	205	175	1
175	205	206	1
175	206	176	1
176	206	207	1
176	207	177	1
177	207	208	1
177	208	178	1
178	208	209	1
178	209	179	1
179	209	210	1
179	210	180	1
181	211	212	1
181	212	182	1
182	212	213	1
182	213	183	1
183	213	214	1
183	214	184	1
184	214	215	1
184	215	185	1
185	215	216	1
185	216	186	1
186	216	217	1
186	217	187	1
187	217	218	1
187	218	188	1
188	218	219	1
188	219	189	1
189	219	220	1
189	220	190	1
190	220	221	1
190	221	191	1
191	221	222	1
191	222	192	1
192	222	223	1
192	223	193	1
193	223	224	1
193	224	194	1
194	224	225	1
194	225	195	1
195	225	226	1
195	226	196	1
196	226	227	1
196	227	197	1
197	227	228	1
197	228	198	1
198	228	229	1
198	229	199	1
199	229	230	1
199	230	200	1
200	230	231	1
200	231	201	1
201	231	232	1
201	232	202	1
202	232	233	1
202	233	203	1
203	233	234	1
203	234	204	1
204	234	235	1
204	235	205	1
205	235	236	1
205	236	206	1
206	236	237	1
206	237	207	1
207	237	238	1
207	238	208	1
208	238	239	1
208	239	209	1
209	239	240	1
209	240	210	1																						
211	241	242	1
211	242	212	1
212	242	243	1
212	243	213	1
213	243	244	1
213	244	214	1
214	244	245	1
214	245	215	1
215	245	246	1
215	246	216	1
216	246	247	1
216	247	217	1
217	247	248	1
217	248	218	1
218	248	249	1
218	249	219	1
219	249	250	1
219	250	220	1
220	250	251	1
220	251	221	1
221	251	252	1
221	252	222	1
222	252	253	1
222	253	223	1
223	253	254	1
223	254	224	1
224	254	255	1
224	255	225	1
225	255	256	1
225	256	226	1
226	256	257	1
226	257	227	1
227	257	258	1
227	258	228	1
228	258	259	1
228	259	229	1
229	259	260	1
229	260	230	1
230	260	261	1
230	261	231	1
231	261	262	1
231	262	232	1
232	262	263	1
232	263	233	1
233	263	264	1
233	264	234	1
234	264	265	1
234	265	235	1
235	265	266	1
235	266	236	1
236	266	267	1
236	267	237	1
237	267	268	1
237	268	238	1
238	268	269	1
238	269	239	1
239	269	270	1
239	270	240	1
241	271	272	1
241	272	242	1
242	272	273	1
242	273	243	1
243	273	274	1
243	274	244	1
244	274	275	1
244	275	245	1
245	275	276	1
245	276	246	1
246	276	277	1
246	277	247	1
247	277	278	1
247	278	248	1
248	278	279	1
248	279	249	1
249	279	280	1
249	280	250	1
250	280	281	1
250	281	251	1
251	281	282	1
251	282	252	1
252	282	283	1
252	283	253	1
253	283	284	1
253	284	254	1
254	284	285	1
254	285	255	1
255	285	286	1
255	286	256	1
256	286	287	1
256	287	257	1
257	287	288	1
257	288	258	1
258	288	289	1
258	289	259	1
259	289	290	1
259	290	260	1
260	290	291	1
260	291	261	1
261	291	292	1
261	292	262	1
262	292	293	1
262	293	263	1
263	293	294	1
263	294	264	1
264	294	295	1
264	295	265	1
265	295	296	1
265	296	266	1
266	296	297	1
266	297	267	1
267	297	298	1
267	298	268	1
268	298	299	1
268	299	269	1
269	299	300	1
269	300	270	1
271	301	302	1
271	302	272	1
272	302	303	1
272	303	273	1
273	303	304	1
273	304	274	1
274	304	305	1
274	305	275	1
275	305	306	1
275	306	276	1
276	306	307	1
276	307	277	1
277	307	308	1
277	308	278	1
278	308	309	1
278	309	279	1
279	309	310	1
279	310	280	1
280	310	311	1
280	311	281	1
281	311	312	1
281	312	282	1
282	312	313	1
282	313	283	1
283	313	314	1
283	314	284	1
284	314	315	1
284	315	285	1
285	315	316	1
285	316	286	1
286	316	317	1
286	317	287	1
287	317	318	1
287	318	288	1
288	318	319	1
288	319	289	1
289	319	320	1
289	320	290	1
290	320	321	1
290	321	291	1
291	321	322	1
291	322	292	1
292	322	323	1
292	323	293	1
293	323	324	1
293	324	294	1
294	324	325	1
294	325	295	1
295	325	326	1
295	326	296	1
296	326	327	1
296	327	297	1
297	327	328	1
297	328	298	1
298	328	329	1
298	329	299	1
299	329	330	1
299	330	300	1	
301	331	332	1
301	332	302	1
302	332	333	1
302	333	303	1
303	333	334	1
303	334	304	1
304	334	335	1
304	335	305	1
305	335	336	1
305	336	306	1
306	336	337	1
306	337	307	1
307	337	338	1
307	338	308	1
308	338	339	1
308	339	309	1
309	339	340	1
309	340	310	1
310	340	341	1
310	341	311	1
311	341	342	1
311	342	312	1
312	342	343	1
312	343	313	1
313	343	344	1
313	344	314	1
314	344	345	1
314	345	315	1
315	345	346	1
315	346	316	1
316	346	347	1
316	347	317	1
317	347	348	1
317	348	318	1
318	348	349	1
318	349	319	1
319	349	350	1
319	350	320	1
320	350	351	1
320	351	321	1
321	351	352	1
321	352	322	1
322	352	353	1
322	353	323	1
323	353	354	1
323	354	324	1
324	354	355	1
324	355	325	1
325	355	356	1
325	356	326	1
326	356	357	1
326	357	327	1
327	357	358	1
327	358	328	1
328	358	359	1
328	359	329	1
329	359	360	1
329	360	330	1
331	361	362	1
331	362	332	1
332	362	363	1
332	363	333	1
333	363	364	1
333	364	334	1
334	364	365	1
334	365	335	1
335	365	366	1
335	366	336	1
336	366	367	1
336	367	337	1
337	367	368	1
337	368	338	1
338	368	369	1
338	369	339	1
339	369	370	1
339	370	340	1
340	370	371	1
340	371	341	1
341	371	372	1
341	372	342	1
342	372	373	1
342	373	343	1
343	373	374	1
343	374	344	1
344	374	375	1
344	375	345	1
345	375	376	1
345	376	346	1
346	376	377	1
346	377	347	1
347	377	378	1
347	378	348	1
348	378	379	1
348	379	349	1
349	379	380	1
349	380	350	1
350	380	381	1
350	381	351	1
351	381	382	1
351	382	352	1
352	382	383	1
352	383	353	1
353	383	384	1
353	384	354	1
354	384	385	1
354	385	355	1
355	385	386	1
355	386	356	1
356	386	387	1
356	387	357	1
357	387	388	1
357	388	358	1
358	388	389	1
358	389	359	1
359	389	390	1
359	390	360	1
361	391	392	1
361	392	362	1
362	392	393	1
362	393	363	1
363	393	394	1
363	394	364	1
364	394	395	1
364	395	365	1
365	395	396	1
365	396	366	1
366	396	397	1
366	397	367	1
367	397	398	1
367	398	368	1
368	398	399	1
368	399	369	1
369	399	400	1
369	400	370	1
370	400	401	1
370	401	371	1
371	401	402	1
371	402	372	1
372	402	403	1
372	403	373	1
373	403	404	1
373	404	374	1
374	404	405	1
374	405	375	1
375	405	406	1
375	406	376	1
376	406	407	1
376	407	377	1
377	407	408	1
377	408	378	1
378	408	409	1
378	409	379	1
379	409	410	1
379	410	380	1
380	410	411	1
380	411	381	1
381	411	412	1
381	412	382	1
382	412	413	1
382	413	383	1
383	413	414	1
383	414	384	1
384	414	415	1
384	415	385	1
385	415	416	1
385	416	386	1
386	416	417	1
386	417	387	1
387	417	418	1
387	418	388	1
388	418	419	1
388	419	389	1
389	419	420	1
389	420	390	1
391	421	422	1
391	422	392	1
392	422	423	1
392	423	393	1
393	423	424	1
393	424	394	1
394	424	425	1
394	425	395	1
395	425	426	1
395	426	396	1
396	426	427	1
396	427	397	1
397	427	428	1
397	428	398	1
398	428	429	1
398	429	399	1
399	429	430	1
399	430	400	1
400	430	431	1
400	431	401	1
401	431	432	1
401	432	402	1
402	432	433	1
402	433	403	1
403	433	434	1
403	434	404	1
404	434	435	1
404	435	405	1
405	435	436	1
405	436	406	1
406	436	437	1
406	437	407	1
407	437	438	1
407	438	408	1
408	438	439	1
408	439	409	1
409	439	440	1
409	440	410	1
410	440	441	1
410	441	411	1
411	441	442	1
411	442	412	1
412	442	443	1
412	443	413	1
413	443	444	1
413	444	414	1
414	444	445	1
414	445	415	1
415	445	446	1
415	446	416	1
416	446	447	1
416	447	417	1
417	447	448	1
417	448	418	1
418	448	449	1
418	449	419	1
419	449	450	1
419	450	420	1
421	451	452	1
421	452	422	1
422	452	453	1
422	453	423	1
423	453	454	1
423	454	424	1
424	454	455	1
424	455	425	1
425	455	456	1
425	456	426	1
426	456	457	1
426	457	427	1
427	457	458	1
427	458	428	1
428	458	459	1
428	459	429	1
429	459	460	1
429	460	430	1
430	460	461	1
430	461	431	1
431	461	462	1
431	462	432	1
432	462	463	1
432	463	433	1
433	463	464	1
433	464	434	1
434	464	465	1
434	465	435	1
435	465	466	1
435	466	436	1
436	466	467	1
436	467	437	1
437	467	468	1
437	468	438	1
438	468	469	1
438	469	439	1
439	469	470	1
439	470	440	1
440	470	471	1
440	471	441	1
441	471	472	1
441	472	442	1
442	472	473	1
442	473	443	1
443	473	474	1
443	474	444	1
444	474	475	1
444	475	445	1
445	475	476	1
445	476	446	1
446	476	477	1
446	477	447	1
447	477	478	1
447	478	448	1
448	478	479	1
448	479	449	1
449	479	480	1
449	480	450	1
451	481	482	1
451	482	452	1
452	482	483	1
452	483	453	1
453	483	484	1
453	484	454	1
454	484	485	1
454	485	455	1
455	485	486	1
455	486	456	1
456	486	487	1
456	487	457	1
457	487	488	1
457	488	458	1
458	488	489	1
458	489	459	1
459	489	490	1
459	490	460	1
460	490	491	1
460	491	461	1
461	491	492	1
461	492	462	1
462	492	493	1
462	493	463	1
463	493	494	1
463	494	464	1
464	494	495	1
464	495	465	1
465	495	496	1
465	496	466	1
466	496	497	1
466	497	467	1
467	497	498	1
467	498	468	1
468	498	499	1
468	499	469	1
469	499	500	1
469	500	470	1
470	500	501	1
470	501	471	1
471	501	502	1
471	502	472	1
472	502	503	1
472	503	473	1
473	503	504	1
473	504	474	1
474	504	505	1
474	505	475	1
475	505	506	1
475	506	476	1
476	506	507	1
476	507	477	1
477	507	508	1
477	508	478	1
478	508	509	1
478	509	479	1
479	509	510	1
479	510	480	1
481	511	512	1
481	512	482	1
482	512	513	1
482	513	483	1
483	513	514	1
483	514	484	1
484	514	515	1
484	515	485	1
485	515	516	1
485	516	486	1
486	516	517	1
486	517	487	1
487	517	518	1
487	518	488	1
488	518	519	1
488	519	489	1
489	519	520	1
489	520	490	1
490	520	521	1
490	521	491	1
491	521	522	1
491	522	492	1
492	522	523	1
492	523	493	1
493	523	524	1
493	524	494	1
494	524	525	1
494	525	495	1
495	525	526	1
495	526	496	1
496	526	527	1
496	527	497	1
497	527	528	1
497	528	498	1
498	528	529	1
498	529	499	1
499	529	530	1
499	530	500	1
500	530	531	1
500	531	501	1
501	531	532	1
501	532	502	1
502	532	533	1
502	533	503	1
503	533	534	1
503	534	504	1
504	534	535	1
504	535	505	1
505	535	536	1
505	536	506	1
506	536	537	1
506	537	507	1
507	537	538	1
507	538	508	1
508	538	539	1
508	539	509	1
509	539	540	1
509	540	510	1
511	541	542	1
511	542	512	1
512	542	543	1
512	543	513	1
513	543	544	1
513	544	514	1
514	544	545	1
514	545	515	1
515	545	546	1
515	546	516	1
516	546	547	1
516	547	517	1
517	547	548	1
517	548	518	1
518	548	549	1
518	549	519	1
519	549	550	1
519	550	520	1
520	550	551	1
520	551	521	1
521	551	552	1
521	552	522	1
522	552	553	1
522	553	523	1
523	553	554	1
523	554	524	1
524	554	555	1
524	555	525	1
525	555	556	1
525	556	526	1
526	556	557	1
526	557	527	1
527	557	558	1
527	558	528	1
528	558	559	1
528	559	529	1
529	559	560	1
529	560	530	1
530	560	561	1
530	561	531	1
531	561	562	1
531	562	532	1
532	562	563	1
532	563	533	1
533	563	564	1
533	564	534	1
534	564	565	1
534	565	535	1
535	565	566	1
535	566	536	1
536	566	567	1
536	567	537	1
537	567	568	1
537	568	538	1
538	568	569	1
538	569	539	1
539	569	570	1
539	570	540	1
541	571	572	1
541	572	542	1
542	572	573	1
542	573	543	1
543	573	574	1
543	574	544	1
544	574	575	1
544	575	545	1
545	575	576	1
545	576	546	1
546	576	577	1
546	577	547	1
547	577	578	1
547	578	548	1
548	578	579	1
548	579	549	1
549	579	580	1
549	580	550	1
550	580	581	1
550	581	551	1
551	581	582	1
551	582	552	1
552	582	583	1
552	583	553	1
553	583	584	1
553	584	554	1
554	584	585	1
554	585	555	1
555	585	586	1
555	586	556	1
556	586	587	1
556	587	557	1
557	587	588	1
557	588	558	1
558	588	589	1
558	589	559	1
559	589	590	1
559	590	560	1
560	590	591	1
560	591	561	1
561	591	592	1
561	592	562	1
562	592	593	1
562	593	563	1
563	593	594	1
563	594	564	1
564	594	595	1
564	595	565	1
565	595	596	1
565	596	566	1
566	596	597	1
566	597	567	1
567	597	598	1
567	598	568	1
568	598	599	1
568	599	569	1
569	599	600	1
569	600	570	1
571	601	602	1
571	602	572	1
572	602	603	1
572	603	573	1
573	603	604	1
573	604	574	1
574	604	605	1
574	605	575	1
575	605	606	1
575	606	576	1
576	606	607	1
576	607	577	1
577	607	608	1
577	608	578	1
578	608	609	1
578	609	579	1
579	609	610	1
579	610	580	1
580	610	611	1
580	611	581	1
581	611	612	1
581	612	582	1
582	612	613	1
582	613	583	1
583	613	614	1
583	614	584	1
584	614	615	1
584	615	585	1
585	615	616	1
585	616	586	1
586	616	617	1
586	617	587	1
587	617	618	1
587	618	588	1
588	618	619	1
588	619	589	1
589	619	620	1
589	620	590	1
590	620	621	1
590	621	591	1
591	621	622	1
591	622	592	1
592	622	623	1
592	623	593	1
593	623	624	1
593	624	594	1
594	624	625	1
594	625	595	1
595	625	626	1
595	626	596	1
596	626	627	1
596	627	597	1
597	627	628	1
597	628	598	1
598	628	629	1
598	629	599	1
599	629	630	1
599	630	600	1
601	631	632	1
601	632	602	1
602	632	633	1
602	633	603	1
603	633	634	1
603	634	604	1
604	634	635	1
604	635	605	1
605	635	636	1
605	636	606	1
606	636	637	1
606	637	607	1
607	637	638	1
607	638	608	1
608	638	639	1
608	639	609	1
609	639	640	1
609	640	610	1
610	640	641	1
610	641	611	1
611	641	642	1
611	642	612	1
612	642	643	1
612	643	613	1
613	643	644	1
613	644	614	1
614	644	645	1
614	645	615	1
615	645	646	1
615	646	616	1
616	646	647	1
616	647	617	1
617	647	648	1
617	648	618	1
618	648	649	1
618	649	619	1
619	649	650	1
619	650	620	1
620	650	651	1
620	651	621	1
621	651	652	1
621	652	622	1
622	652	653	1
622	653	623	1
623	653	654	1
623	654	624	1
624	654	655	1
624	655	625	1
625	655	656	1
625	656	626	1
626	656	657	1
626	657	627	1
627	657	658	1
627	658	628	1
628	658	659	1
628	659	629	1
629	659	660	1
629	660	630	1
631	661	662	1
631	662	632	1
632	662	663	1
632	663	633	1
633	663	664	1
633	664	634	1
634	664	665	1
634	665	635	1
635	665	666	1
635	666	636	1
636	666	667	1
636	667	637	1
637	667	668	1
637	668	638	1
638	668	669	1
638	669	639	1
639	669	670	1
639	670	640	1
640	670	671	1
640	671	641	1
641	671	672	1
641	672	642	1
642	672	673	1
642	673	643	1
643	673	674	1
643	674	644	1
644	674	675	1
644	675	645	1
645	675	676	1
645	676	646	1
646	676	677	1
646	677	647	1
647	677	678	1
647	678	648	1
648	678	679	1
648	679	649	1
649	679	680	1
649	680	650	1
650	680	681	1
650	681	651	1
651	681	682	1
651	682	652	1
652	682	683	1
652	683	653	1
653	683	684	1
653	684	654	1
654	684	685	1
654	685	655	1
655	685	686	1
655	686	656	1
656	686	687	1
656	687	657	1
657	687	688	1
657	688	658	1
658	688	689	1
658	689	659	1
659	689	690	1
659	690	660	1
661	691	692	1
661	692	662	1
662	692	693	1
662	693	663	1
663	693	694	1
663	694	664	1
664	694	695	1
664	695	665	1
665	695	696	1
665	696	666	1
666	696	697	1
666	697	667	1
667	697	698	1
667	698	668	1
668	698	699	1
668	699	669	1
669	699	700	1
669	700	670	1
670	700	701	1
670	701	671	1
671	701	702	1
671	702	672	1
672	702	703	1
672	703	673	1
673	703	704	1
673	704	674	1
674	704	705	1
674	705	675	1
675	705	706	1
675	706	676	1
676	706	707	1
676	707	677	1
677	707	708	1
677	708	678	1
678	708	709	1
678	709	679	1
679	709	710	1
679	710	680	1
680	710	711	1
680	711	681	1
681	711	712	1
681	712	682	1
682	712	713	1
682	713	683	1
683	713	714	1
683	714	684	1
684	714	715	1
684	715	685	1
685	715	716	1
685	716	686	1
686	716	717	1
686	717	687	1
687	717	718	1
687	718	688	1
688	718	719	1
688	719	689	1
689	719	720	1
689	720	690	1
691	721	722	1
691	722	692	1
692	722	723	1
692	723	693	1
693	723	724	1
693	724	694	1
694	724	725	1
694	725	695	1
695	725	726	1
695	726	696	1
696	726	727	1
696	727	697	1
697	727	728	1
697	728	698	1
698	728	729	1
698	729	699	1
699	729	730	1
699	730	700	1
700	730	731	1
700	731	701	1
701	731	732	1
701	732	702	1
702	732	733	1
702	733	703	1
703	733	734	1
703	734	704	1
704	734	735	1
704	735	705	1
705	735	736	1
705	736	706	1
706	736	737	1
706	737	707	1
707	737	738	1
707	738	708	1
708	738	739	1
708	739	709	1
709	739	740	1
709	740	710	1
710	740	741	1
710	741	711	1
711	741	742	1
711	742	712	1
712	742	743	1
712	743	713	1
713	743	744	1
713	744	714	1
714	744	745	1
714	745	715	1
715	745	746	1
715	746	716	1
716	746	747	1
716	747	717	1
717	747	748	1
717	748	718	1
718	748	749	1
718	749	719	1
719	749	750	1
719	750	720	1
721	751	752	1
721	752	722	1
722	752	753	1
722	753	723	1
723	753	754	1
723	754	724	1
724	754	755	1
724	755	725	1
725	755	756	1
725	756	726	1
726	756	757	1
726	757	727	1
727	757	758	1
727	758	728	1
728	758	759	1
728	759	729	1
729	759	760	1
729	760	730	1
730	760	761	1
730	761	731	1
731	761	762	1
731	762	732	1
732	762	763	1
732	763	733	1
733	763	764	1
733	764	734	1
734	764	765	1
734	765	735	1
735	765	766	1
735	766	736	1
736	766	767	1
736	767	737	1
737	767	768	1
737	768	738	1
738	768	769	1
738	769	739	1
739	769	770	1
739	770	740	1
740	770	771	1
740	771	741	1
741	771	772	1
741	772	742	1
742	772	773	1
742	773	743	1
743	773	774	1
743	774	744	1
744	774	775	1
744	775	745	1
745	775	776	1
745	776	746	1
746	776	777	1
746	777	747	1
747	777	778	1
747	778	748	1
748	778	779	1
748	779	749	1
749	779	780	1
749	780	750	1
751	781	782	1
751	782	752	1
752	782	783	1
752	783	753	1
753	783	784	1
753	784	754	1
754	784	785	1
754	785	755	1
755	785	786	1
755	786	756	1
756	786	787	1
756	787	757	1
757	787	788	1
757	788	758	1
758	788	789	1
758	789	759	1
759	789	790	1
759	790	760	1
760	790	791	1
760	791	761	1
761	791	792	1
761	792	762	1
762	792	793	1
762	793	763	1
763	793	794	1
763	794	764	1
764	794	795	1
764	795	765	1
765	795	796	1
765	796	766	1
766	796	797	1
766	797	767	1
767	797	798	1
767	798	768	1
768	798	799	1
768	799	769	1
769	799	800	1
769	800	770	1
770	800	801	1
770	801	771	1
771	801	802	1
771	802	772	1
772	802	803	1
772	803	773	1
773	803	804	1
773	804	774	1
774	804	805	1
774	805	775	1
775	805	806	1
775	806	776	1
776	806	807	1
776	807	777	1
777	807	808	1
777	808	778	1
778	808	809	1
778	809	779	1
779	809	810	1
779	810	780	1
781	811	812	1
781	812	782	1
782	812	813	1
782	813	783	1
783	813	814	1
783	814	784	1
784	814	815	1
784	815	785	1
785	815	816	1
785	816	786	1
786	816	817	1
786	817	787	1
787	817	818	1
787	818	788	1
788	818	819	1
788	819	789	1
789	819	820	1
789	820	790	1
790	820	821	1
790	821	791	1
791	821	822	1
791	822	792	1
792	822	823	1
792	823	793	1
793	823	824	1
793	824	794	1
794	824	825	1
794	825	795	1
795	825	826	1
795	826	796	1
796	826	827	1
796	827	797	1
797	827	828	1
797	828	798	1
798	828	829	1
798	829	799	1
799	829	830	1
799	830	800	1
800	830	831	1
800	831	801	1
801	831	832	1
801	832	802	1
802	832	833	1
802	833	803	1
803	833	834	1
803	834	804	1
804	834	835	1
804	835	805	1
805	835	836	1
805	836	806	1
806	836	837	1
806	837	807	1
807	837	838	1
807	838	808	1
808	838	839	1
808	839	809	1
809	839	840	1
809	840	810	1
811	841	842	1
811	842	812	1
812	842	843	1
812	843	813	1
813	843	844	1
813	844	814	1
814	844	845	1
814	845	815	1
815	845	846	1
815	846	816	1
816	846	847	1
816	847	817	1
817	847	848	1
817	848	818	1
818	848	849	1
818	849	819	1
819	849	850	1
819	850	820	1
820	850	851	1
820	851	821	1
821	851	852	1
821	852	822	1
822	852	853	1
822	853	823	1
823	853	854	1
823	854	824	1
824	854	855	1
824	855	825	1
825	855	856	1
825	856	826	1
826	856	857	1
826	857	827	1
827	857	858	1
827	858	828	1
828	858	859	1
828	859	829	1
829	859	860	1
829	860	830	1
830	860	861	1
830	861	831	1
831	861	862	1
831	862	832	1
832	862	863	1
832	863	833	1
833	863	864	1
833	864	834	1
834	864	865	1
834	865	835	1
835	865	866	1
835	866	836	1
836	866	867	1
836	867	837	1
837	867	868	1
837	868	838	1
838	868	869	1
838	869	839	1
839	869	870	1
839	870	840	1
841	871	872	1
841	872	842	1
842	872	873	1
842	873	843	1
843	873	874	1
843	874	844	1
844	874	875	1
844	875	845	1
845	875	876	1
845	876	846	1
846	876	877	1
846	877	847	1
847	877	878	1
847	878	848	1
848	878	879	1
848	879	849	1
849	879	880	1
849	880	850	1
850	880	881	1
850	881	851	1
851	881	882	1
851	882	852	1
852	882	883	1
852	883	853	1
853	883	884	1
853	884	854	1
854	884	885	1
854	885	855	1
855	885	886	1
855	886	856	1
856	886	887	1
856	887	857	1
857	887	888	1
857	888	858	1
858	888	889	1
858	889	859	1
859	889	890	1
859	890	860	1
860	890	891	1
860	891	861	1
861	891	892	1
861	892	862	1
862	892	893	1
862	893	863	1
863	893	894	1
863	894	864	1
864	894	895	1
864	895	865	1
865	895	896	1
865	896	866	1
866	896	897	1
866	897	867	1
867	897	898	1
867	898	868	1
868	898	899	1
868	899	869	1
869	899	900	1
869	900	870	1
871	901	902	1
871	902	872	1
872	902	903	1
872	903	873	1
873	903	904	1
873	904	874	1
874	904	905	1
874	905	875	1
875	905	906	1
875	906	876	1
876	906	907	1
876	907	877	1
877	907	908	1
877	908	878	1
878	908	909	1
878	909	879	1
879	909	910	1
879	910	880	1
880	910	911	1
880	911	881	1
881	911	912	1
881	912	882	1
882	912	913	1
882	913	883	1
883	913	914	1
883	914	884	1
884	914	915	1
884	915	885	1
885	915	916	1
885	916	886	1
886	916	917	1
886	917	887	1
887	917	918	1
887	918	888	1
888	918	919	1
888	919	889	1
889	919	920	1
889	920	890	1
890	920	921	1
890	921	891	1
891	921	922	1
891	922	892	1
892	922	923	1
892	923	893	1
893	923	924	1
893	924	894	1
894	924	925	1
894	925	895	1
895	925	926	1
895	926	896	1
896	926	927	1
896	927	897	1
897	927	928	1
897	928	898	1
898	928	929	1
898	929	899	1
899	929	930	1
899	930	900	1
901	931	932	1
901	932	902	1
902	932	933	1
902	933	903	1
903	933	934	1
903	934	904	1
904	934	935	1
904	935	905	1
905	935	936	1
905	936	906	1
906	936	937	1
906	937	907	1
907	937	938	1
907	938	908	1
908	938	939	1
908	939	909	1
909	939	940	1
909	940	910	1
910	940	941	1
910	941	911	1
911	941	942	1
911	942	912	1
912	942	943	1
912	943	913	1
913	943	944	1
913	944	914	1
914	944	945	1
914	945	915	1
915	945	946	1
915	946	916	1
916	946	947	1
916	947	917	1
917	947	948	1
917	948	918	1
918	948	949	1
918	949	919	1
919	949	950	1
919	950	920	1
920	950	951	1
920	951	921	1
921	951	952	1
921	952	922	1
922	952	953	1
922	953	923	1
923	953	954	1
923	954	924	1
924	954	955	1
924	955	925	1
925	955	956	1
925	956	926	1
926	956	957	1
926	957	927	1
927	957	958	1
927	958	928	1
928	958	959	1
928	959	929	1
929	959	960	1
929	960	930	1
931	961	962	1
931	962	932	1
932	962	963	1
932	963	933	1
933	963	964	1
933	964	934	1
934	964	965	1
934	965	935	1
935	965	966	1
935	966	936	1
936	966	967	1
936	967	937	1
937	967	968	1
937	968	938	1
938	968	969	1
938	969	939	1
939	969	970	1
939	970	940	1
940	970	971	1
940	971	941	1
941	971	972	1
941	972	942	1
942	972	973	1
942	973	943	1
943	973	974	1
943	974	944	1
944	974	975	1
944	975	945	1
945	975	976	1
945	976	946	1
946	976	977	1
946	977	947	1
947	977	978	1
947	978	948	1
948	978	979	1
948	979	949	1
949	979	980	1
949	980	950	1
950	980	981	1
950	981	951	1
951	981	982	1
951	982	952	1
952	982	983	1
952	983	953	1
953	983	984	1
953	984	954	1
954	984	985	1
954	985	955	1
955	985	986	1
955	986	956	1
956	986	987	1
956	987	957	1
957	987	988	1
957	988	958	1
958	988	989	1
958	989	959	1
959	989	990	1
959	990	960	1
961	991	992	1
961	992	962	1
962	992	993	1
962	993	963	1
963	993	994	1
963	994	964	1
964	994	995	1
964	995	965	1
965	995	996	1
965	996	966	1
966	996	997	1
966	997	967	1
967	997	998	1
967	998	968	1
968	998	999	1
968	999	969	1
969	999	1000	1
969	1000	970	1
970	1000	1001	1
970	1001	971	1
971	1001	1002	1
971	1002	972	1
972	1002	1003	1
972	1003	973	1
973	1003	1004	1
973	1004	974	1
974	1004	1005	1
974	1005	975	1
975	1005	1006	1
975	1006	976	1
976	1006	1007	1
976	1007	977	1
977	1007	1008	1
977	1008	978	1
978	1008	1009	1
978	1009	979	1
979	1009	1010	1
979	1010	980	1
980	1010	1011	1
980	1011	981	1
981	1011	1012	1
981	1012	982	1
982	1012	1013	1
982	1013	983	1
983	1013	1014	1
983	1014	984	1
984	1014	1015	1
984	1015	985	1
985	1015	1016	1
985	1016	986	1
986	1016	1017	1
986	1017	987	1
987	1017	1018	1
987	1018	988	1
988	1018	1019	1
988	1019	989	1
989	1019	1020	1
989	1020	990	1
991	1021	1022	1
991	1022	992	1
992	1022	1023	1
992	1023	993	1
993	1023	1024	1
993	1024	994	1
994	1024	1025	1
994	1025	995	1
995	1025	1026	1
995	1026	996	1
996	1026	1027	1
996	1027	997	1
997	1027	1028	1
997	1028	998	1
998	1028	1029	1
998	1029	999	1
999	1029	1030	1
999	1030	1000	1
1000	1030	1031	1
1000	1031	1001	1
1001	1031	1032	1
1001	1032	1002	1
1002	1032	1033	1
1002	1033	1003	1
1003	1033	1034	1
1003	1034	1004	1
1004	1034	1035	1
1004	1035	1005	1
1005	1035	1036	1
1005	1036	1006	1
1006	1036	1037	1
1006	1037	1007	1
1007	1037	1038	1
1007	1038	1008	1
1008	1038	1039	1
1008	1039	1009	1
1009	1039	1040	1
1009	1040	1010	1
1010	1040	1041	1
1010	1041	1011	1
1011	1041	1042	1
1011	1042	1012	1
1012	1042	1043	1
1012	1043	1013	1
1013	1043	1044	1
1013	1044	1014	1
1014	1044	1045	1
1014	1045	1015	1
1015	1045	1046	1
1015	1046	1016	1
1016	1046	1047	1
1016	1047	1017	1
1017	1047	1048	1
1017	1048	1018	1
1018	1048	1049	1
1018	1049	1019	1
1019	1049	1050	1
1019	1050	1020	1
1021	1051	1052	1
1021	1052	1022	1
1022	1052	1053	1
1022	1053	1023	1
1023	1053	1054	1
1023	1054	1024	1
1024	1054	1055	1
1024	1055	1025	1
1025	1055	1056	1
1025	1056	1026	1
1026	1056	1057	1
1026	1057	1027	1
1027	1057	1058	1
1027	1058	1028	1
1028	1058	1059	1
1028	1059	1029	1
1029	1059	1060	1
1029	1060	1030	1
1030	1060	1061	1
1030	1061	1031	1
1031	1061	1062	1
1031	1062	1032	1
1032	1062	1063	1
1032	1063	1033	1
1033	1063	1064	1
1033	1064	1034	1
1034	1064	1065	1
1034	1065	1035	1
1035	1065	1066	1
1035	1066	1036	1
1036	1066	1067	1
1036	1067	1037	1
1037	1067	1068	1
1037	1068	1038	1
1038	1068	1069	1
1038	1069	1039	1
1039	1069	1070	1
1039	1070	1040	1
1040	1070	1071	1
1040	1071	1041	1
1041	1071	1072	1
1041	1072	1042	1
1042	1072	1073	1
1042	1073	1043	1
1043	1073	1074	1
1043	1074	1044	1
1044	1074	1075	1
1044	1075	1045	1
1045	1075	1076	1
1045	1076	1046	1
1046	1076	1077	1
1046	1077	1047	1
1047	1077	1078	1
1047	1078	1048	1
1048	1078	1079	1
1048	1079	1049	1
1049	1079	1080	1
1049	1080	1050	1
1051	1081	1082	1
1051	1082	1052	1
1052	1082	1083	1
1052	1083	1053	1
1053	1083	1084	1
1053	1084	1054	1
1054	1084	1085	1
1054	1085	1055	1
1055	1085	1086	1
1055	1086	1056	1
1056	1086	1087	1
1056	1087	1057	1
1057	1087	1088	1
1057	1088	1058	1
1058	1088	1089	1
1058	1089	1059	1
1059	1089	1090	1
1059	1090	1060	1
1060	1090	1091	1
1060	1091	1061	1
1061	1091	1092	1
1061	1092	1062	1
1062	1092	1093	1
1062	1093	1063	1
1063	1093	1094	1
1063	1094	1064	1
1064	1094	1095	1
1064	1095	1065	1
1065	1095	1096	1
1065	1096	1066	1
1066	1096	1097	1
1066	1097	1067	1
1067	1097	1098	1
1067	1098	1068	1
1068	1098	1099	1
1068	1099	1069	1
1069	1099	1100	1
1069	1100	1070	1
1070	1100	1101	1
1070	1101	1071	1
1071	1101	1102	1
1071	1102	1072	1
1072	1102	1103	1
1072	1103	1073	1
1073	1103	1104	1
1073	1104	1074	1
1074	1104	1105	1
1074	1105	1075	1
1075	1105	1106	1
1075	1106	1076	1
1076	1106	1107	1
1076	1107	1077	1
1077	1107	1108	1
1077	1108	1078	1
1078	1108	1109	1
1078	1109	1079	1
1079	1109	1110	1
1079	1110	1080	1
1081	1111	1112	1
1081	1112	1082	1
1082	1112	1113	1
1082	1113	1083	1
1083	1113	1114	1
1083	1114	1084	1
1084	1114	1115	1
1084	1115	1085	1
1085	1115	1116	1
1085	1116	1086	1
1086	1116	1117	1
1086	1117	1087	1
1087	1117	1118	1
1087	1118	1088	1
1088	1118	1119	1
1088	1119	1089	1
1089	1119	1120	1
1089	1120	1090	1
1090	1120	1121	1
1090	1121	1091	1
1091	1121	1122	1
1091	1122	1092	1
1092	1122	1123	1
1092	1123	1093	1
1093	1123	1124	1
1093	1124	1094	1
1094	1124	1125	1
1094	1125	1095	1
1095	1125	1126	1
1095	1126	1096	1
1096	1126	1127	1
1096	1127	1097	1
1097	1127	1128	1
1097	1128	1098	1
1098	1128	1129	1
1098	1129	1099	1
1099	1129	1130	1
1099	1130	1100	1
1100	1130	1131	1
1100	1131	1101	1
1101	1131	1132	1
1101	1132	1102	1
1102	1132	1133	1
1102	1133	1103	1
1103	1133	1134	1
1103	1134	1104	1
1104	1134	1135	1
1104	1135	1105	1
1105	1135	1136	1
1105	1136	1106	1
1106	1136	1137	1
1106	1137	1107	1
1107	1137	1138	1
1107	1138	1108	1
1108	1138	1139	1
1108	1139	1109	1
1109	1139	1140	1
1109	1140	1110	1
1111	1141	1142	1
1111	1142	1112	1
1112	1142	1143	1
1112	1143	1113	1
1113	1143	1144	1
1113	1144	1114	1
1114	1144	1145	1
1114	1145	1115	1
1115	1145	1146	1
1115	1146	1116	1
1116	1146	1147	1
1116	1147	1117	1
1117	1147	1148	1
1117	1148	1118	1
1118	1148	1149	1
1118	1149	1119	1
1119	1149	1150	1
1119	1150	1120	1
1120	1150	1151	1
1120	1151	1121	1
1121	1151	1152	1
1121	1152	1122	1
1122	1152	1153	1
1122	1153	1123	1
1123	1153	1154	1
1123	1154	1124	1
1124	1154	1155	1
1124	1155	1125	1
1125	1155	1156	1
1125	1156	1126	1
1126	1156	1157	1
1126	1157	1127	1
1127	1157	1158	1
1127	1158	1128	1
1128	1158	1159	1
1128	1159	1129	1
1129	1159	1160	1
1129	1160	1130	1
1130	1160	1161	1
1130	1161	1131	1
1131	1161	1162	1
1131	1162	1132	1
1132	1162	1163	1
1132	1163	1133	1
1133	1163	1164	1
1133	1164	1134	1
1134	1164	1165	1
1134	1165	1135	1
1135	1165	1166	1
1135	1166	1136	1
1136	1166	1167	1
1136	1167	1137	1
1137	1167	1168	1
1137	1168	1138	1
1138	1168	1169	1
1138	1169	1139	1
1139	1169	1170	1
1139	1170	1140	1
1141	1171	1172	1
1141	1172	1142	1
1142	1172	1173	1
1142	1173	1143	1
1143	1173	1174	1
1143	1174	1144	1
1144	1174	1175	1
1144	1175	1145	1
1145	1175	1176	1
1145	1176	1146	1
1146	1176	1177	1
1146	1177	1147	1
1147	1177	1178	1
1147	1178	1148	1
1148	1178	1179	1
1148	1179	1149	1
1149	1179	1180	1
1149	1180	1150	1
1150	1180	1181	1
1150	1181	1151	1
1151	1181	1182	1
1151	1182	1152	1
1152	1182	1183	1
1152	1183	1153	1
1153	1183	1184	1
1153	1184	1154	1
1154	1184	1185	1
1154	1185	1155	1
1155	1185	1186	1
1155	1186	1156	1
1156	1186	1187	1
1156	1187	1157	1
1157	1187	1188	1
1157	1188	1158	1
1158	1188	1189	1
1158	1189	1159	1
1159	1189	1190	1
1159	1190	1160	1
1160	1190	1191	1
1160	1191	1161	1
1161	1191	1192	1
1161	1192	1162	1
1162	1192	1193	1
1162	1193	1163	1
1163	1193	1194	1
1163	1194	1164	1
1164	1194	1195	1
1164	1195	1165	1
1165	1195	1196	1
1165	1196	1166	1
1166	1196	1197	1
1166	1197	1167	1
1167	1197	1198	1
1167	1198	1168	1
1168	1198	1199	1
1168	1199	1169	1
1169	1199	1200	1
1169	1200	1170	1
1171	1201	1202	1
1171	1202	1172	1
1172	1202	1203	1
1172	1203	1173	1
1173	1203	1204	1
1173	1204	1174	1
1174	1204	1205	1
1174	1205	1175	1
1175	1205	1206	1
1175	1206	1176	1
1176	1206	1207	1
1176	1207	1177	1
1177	1207	1208	1
1177	1208	1178	1
1178	1208	1209	1
1178	1209	1179	1
1179	1209	1210	1
1179	1210	1180	1
1180	1210	1211	1
1180	1211	1181	1
1181	1211	1212	1
1181	1212	1182	1
1182	1212	1213	1
1182	1213	1183	1
1183	1213	1214	1
1183	1214	1184	1
1184	1214	1215	1
1184	1215	1185	1
1185	1215	1216	1
1185	1216	1186	1
1186	1216	1217	1
1186	1217	1187	1
1187	1217	1218	1
1187	1218	1188	1
1188	1218	1219	1
1188	1219	1189	1
1189	1219	1220	1
1189	1220	1190	1
1190	1220	1221	1
1190	1221	1191	1
1191	1221	1222	1
1191	1222	1192	1
1192	1222	1223	1
1192	1223	1193	1
1193	1223	1224	1
1193	1224	1194	1
1194	1224	1225	1
1194	1225	1195	1
1195	1225	1226	1
1195	1226	1196	1
1196	1226	1227	1
1196	1227	1197	1
1197	1227	1228	1
1197	1228	1198	1
1198	1228	1229	1
1198	1229	1199	1
1199	1229	1230	1
1199	1230	1200	1
1201	1231	1232	1
1201	1232	1202	1
1202	1232	1233	1
1202	1233	1203	1
1203	1233	1234	1
1203	1234	1204	1
1204	1234	1235	1
1204	1235	1205	1
1205	1235	1236	1
1205	1236	1206	1
1206	1236	1237	1
1206	1237	1207	1
1207	1237	1238	1
1207	1238	1208	1
1208	1238	1239	1
1208	1239	1209	1
1209	1239	1240	1
1209	1240	1210	1
1210	1240	1241	1
1210	1241	1211	1
1211	1241	1242	1
1211	1242	1212	1
1212	1242	1243	1
1212	1243	1213	1
1213	1243	1244	1
1213	1244	1214	1
1214	1244	1245	1
1214	1245	1215	1
1215	1245	1246	1
1215	1246	1216	1
1216	1246	1247	1
1216	1247	1217	1
1217	1247	1248	1
1217	1248	1218	1
1218	1248	1249	1
1218	1249	1219	1
1219	1249	1250	1
1219	1250	1220	1
1220	1250	1251	1
1220	1251	1221	1
1221	1251	1252	1
1221	1252	1222	1
1222	1252	1253	1
1222	1253	1223	1
1223	1253	1254	1
1223	1254	1224	1
1224	1254	1255	1
1224	1255	1225	1
1225	1255	1256	1
1225	1256	1226	1
1226	1256	1257	1
1226	1257	1227	1
1227	1257	1258	1
1227	1258	1228	1
1228	1258	1259	1
1228	1259	1229	1
1229	1259	1260	1
1229	1260	1230	1
1231	1261	1262	1
1231	1262	1232	1
1232	1262	1263	1
1232	1263	1233	1
1233	1263	1264	1
1233	1264	1234	1
1234	1264	1265	1
1234	1265	1235	1
1235	1265	1266	1
1235	1266	1236	1
1236	1266	1267	1
1236	1267	1237	1
1237	1267	1268	1
1237	1268	1238	1
1238	1268	1269	1
1238	1269	1239	1
1239	1269	1270	1
1239	1270	1240	1
1240	1270	1271	1
1240	1271	1241	1
1241	1271	1272	1
1241	1272	1242	1
1242	1272	1273	1
1242	1273	1243	1
1243	1273	1274	1
1243	1274	1244	1
1244	1274	1275	1
1244	1275	1245	1
1245	1275	1276	1
1245	1276	1246	1
1246	1276	1277	1
1246	1277	1247	1
1247	1277	1278	1
1247	1278	1248	1
1248	1278	1279	1
1248	1279	1249	1
1249	1279	1280	1
1249	1280	1250	1
1250	1280	1281	1
1250	1281	1251	1
1251	1281	1282	1
1251	1282	1252	1
1252	1282	1283	1
1252	1283	1253	1
1253	1283	1284	1
1253	1284	1254	1
1254	1284	1285	1
1254	1285	1255	1
1255	1285	1286	1
1255	1286	1256	1
1256	1286	1287	1
1256	1287	1257	1
1257	1287	1288	1
1257	1288	1258	1
1258	1288	1289	1
1258	1289	1259	1
1259	1289	1290	1
1259	1290	1260	1
1261	1291	1292	1
1261	1292	1262	1
1262	1292	1293	1
1262	1293	1263	1
1263	1293	1294	1
1263	1294	1264	1
1264	1294	1295	1
1264	1295	1265	1
1265	1295	1296	1
1265	1296	1266	1
1266	1296	1297	1
1266	1297	1267	1
1267	1297	1298	1
1267	1298	1268	1
1268	1298	1299	1
1268	1299	1269	1
1269	1299	1300	1
1269	1300	1270	1
1270	1300	1301	1
1270	1301	1271	1
1271	1301	1302	1
1271	1302	1272	1
1272	1302	1303	1
1272	1303	1273	1
1273	1303	1304	1
1273	1304	1274	1
1274	1304	1305	1
1274	1305	1275	1
1275	1305	1306	1
1275	1306	1276	1
1276	1306	1307	1
1276	1307	1277	1
1277	1307	1308	1
1277	1308	1278	1
1278	1308	1309	1
1278	1309	1279	1
1279	1309	1310	1
1279	1310	1280	1
1280	1310	1311	1
1280	1311	1281	1
1281	1311	1312	1
1281	1312	1282	1
1282	1312	1313	1
1282	1313	1283	1
1283	1313	1314	1
1283	1314	1284	1
1284	1314	1315	1
1284	1315	1285	1
1285	1315	1316	1
1285	1316	1286	1
1286	1316	1317	1
1286	1317	1287	1
1287	1317	1318	1
1287	1318	1288	1
1288	1318	1319	1
1288	1319	1289	1
1289	1319	1320	1
1289	1320	1290	1
1291	1321	1322	1
1291	1322	1292	1
1292	1322	1323	1
1292	1323	1293	1
1293	1323	1324	1
1293	1324	1294	1
1294	1324	1325	1
1294	1325	1295	1
1295	1325	1326	1
1295	1326	1296	1
1296	1326	1327	1
1296	1327	1297	1
1297	1327	1328	1
1297	1328	1298	1
1298	1328	1329	1
1298	1329	1299	1
1299	1329	1330	1
1299	1330	1300	1
1300	1330	1331	1
1300	1331	1301	1
1301	1331	1332	1
1301	1332	1302	1
1302	1332	1333	1
1302	1333	1303	1
1303	1333	1334	1
1303	1334	1304	1
1304	1334	1335	1
1304	1335	1305	1
1305	1335	1336	1
1305	1336	1306	1
1306	1336	1337	1
1306	1337	1307	1
1307	1337	1338	1
1307	1338	1308	1
1308	1338	1339	1
1308	1339	1309	1
1309	1339	1340	1
1309	1340	1310	1
1310	1340	1341	1
1310	1341	1311	1
1311	1341	1342	1
1311	1342	1312	1
1312	1342	1343	1
1312	1343	1313	1
1313	1343	1344	1
1313	1344	1314	1
1314	1344	1345	1
1314	1345	1315	1
1315	1345	1346	1
1315	1346	1316	1
1316	1346	1347	1
1316	1347	1317	1
1317	1347	1348	1
1317	1348	1318	1
1318	1348	1349	1
1318	1349	1319	1
1319	1349	1350	1
1319	1350	1320	1
1321	1351	1352	1
1321	1352	1322	1
1322	1352	1353	1
1322	1353	1323	1
1323	1353	1354	1
1323	1354	1324	1
1324	1354	1355	1
1324	1355	1325	1
1325	1355	1356	1
1325	1356	1326	1
1326	1356	1357	1
1326	1357	1327	1
1327	1357	1358	1
1327	1358	1328	1
1328	1358	1359	1
1328	1359	1329	1
1329	1359	1360	1
1329	1360	1330	1
1330	1360	1361	1
1330	1361	1331	1
1331	1361	1362	1
1331	1362	1332	1
1332	1362	1363	1
1332	1363	1333	1
1333	1363	1364	1
1333	1364	1334	1
1334	1364	1365	1
1334	1365	1335	1
1335	1365	1366	1
1335	1366	1336	1
1336	1366	1367	1
1336	1367	1337	1
1337	1367	1368	1
1337	1368	1338	1
1338	1368	1369	1
1338	1369	1339	1
1339	1369	1370	1
1339	1370	1340	1
1340	1370	1371	1
1340	1371	1341	1
1341	1371	1372	1
1341	1372	1342	1
1342	1372	1373	1
1342	1373	1343	1
1343	1373	1374	1
1343	1374	1344	1
1344	1374	1375	1
1344	1375	1345	1
1345	1375	1376	1
1345	1376	1346	1
1346	1376	1377	1
1346	1377	1347	1
1347	1377	1378	1
1347	1378	1348	1
1348	1378	1379	1
1348	1379	1349	1
1349	1379	1380	1
1349	1380	1350	1
1351	1381	1382	1
1351	1382	1352	1
1352	1382	1383	1
1352	1383	1353	1
1353	1383	1384	1
1353	1384	1354	1
1354	1384	1385	1
1354	1385	1355	1
1355	1385	1386	1
1355	1386	1356	1
1356	1386	1387	1
1356	1387	1357	1
1357	1387	1388	1
1357	1388	1358	1
1358	1388	1389	1
1358	1389	1359	1
1359	1389	1390	1
1359	1390	1360	1
1360	1390	1391	1
1360	1391	1361	1
1361	1391	1392	1
1361	1392	1362	1
1362	1392	1393	1
1362	1393	1363	1
1363	1393	1394	1
1363	1394	1364	1
1364	1394	1395	1
1364	1395	1365	1
1365	1395	1396	1
1365	1396	1366	1
1366	1396	1397	1
1366	1397	1367	1
1367	1397	1398	1
1367	1398	1368	1
1368	1398	1399	1
1368	1399	1369	1
1369	1399	1400	1
1369	1400	1370	1
1370	1400	1401	1
1370	1401	1371	1
1371	1401	1402	1
1371	1402	1372	1
1372	1402	1403	1
1372	1403	1373	1
1373	1403	1404	1
1373	1404	1374	1
1374	1404	1405	1
1374	1405	1375	1
1375	1405	1406	1
1375	1406	1376	1
1376	1406	1407	1
1376	1407	1377	1
1377	1407	1408	1
1377	1408	1378	1
1378	1408	1409	1
1378	1409	1379	1
1379	1409	1410	1
1379	1410	1380	1
1381	1411	1412	1
1381	1412	1382	1
1382	1412	1413	1
1382	1413	1383	1
1383	1413	1414	1
1383	1414	1384	1
1384	1414	1415	1
1384	1415	1385	1
1385	1415	1416	1
1385	1416	1386	1
1386	1416	1417	1
1386	1417	1387	1
1387	1417	1418	1
1387	1418	1388	1
1388	1418	1419	1
1388	1419	1389	1
1389	1419	1420	1
1389	1420	1390	1
1390	1420	1421	1
1390	1421	1391	1
1391	1421	1422	1
1391	1422	1392	1
1392	1422	1423	1
1392	1423	1393	1
1393	1423	1424	1
1393	1424	1394	1
1394	1424	1425	1
1394	1425	1395	1
1395	1425	1426	1
1395	1426	1396	1
1396	1426	1427	1
1396	1427	1397	1
1397	1427	1428	1
1397	1428	1398	1
1398	1428	1429	1
1398	1429	1399	1
1399	1429	1430	1
1399	1430	1400	1
1400	1430	1431	1
1400	1431	1401	1
1401	1431	1432	1
1401	1432	1402	1
1402	1432	1433	1
1402	1433	1403	1
1403	1433	1434	1
1403	1434	1404	1
1404	1434	1435	1
1404	1435	1405	1
1405	1435	1436	1
1405	1436	1406	1
1406	1436	1437	1
1406	1437	1407	1
1407	1437	1438	1
1407	1438	1408	1
1408	1438	1439	1
1408	1439	1409	1
1409	1439	1440	1
1409	1440	1410	1
1411	1441	1442	1
1411	1442	1412	1
1412	1442	1443	1
1412	1443	1413	1
1413	1443	1444	1
1413	1444	1414	1
1414	1444	1445	1
1414	1445	1415	1
1415	1445	1446	1
1415	1446	1416	1
1416	1446	1447	1
1416	1447	1417	1
1417	1447	1448	1
1417	1448	1418	1
1418	1448	1449	1
1418	1449	1419	1
1419	1449	1450	1
1419	1450	1420	1
1420	1450	1451	1
1420	1451	1421	1
1421	1451	1452	1
1421	1452	1422	1
1422	1452	1453	1
1422	1453	1423	1
1423	1453	1454	1
1423	1454	1424	1
1424	1454	1455	1
1424	1455	1425	1
1425	1455	1456	1
1425	1456	1426	1
1426	1456	1457	1
1426	1457	1427	1
1427	1457	1458	1
1427	1458	1428	1
1428	1458	1459	1
1428	1459	1429	1
1429	1459	1460	1
1429	1460	1430	1
1430	1460	1461	1
1430	1461	1431	1
1431	1461	1462	1
1431	1462	1432	1
1432	1462	1463	1
1432	1463	1433	1
1433	1463	1464	1
1433	1464	1434	1
1434	1464	1465	1
1434	1465	1435	1
1435	1465	1466	1
1435	1466	1436	1
1436	1466	1467	1
1436	1467	1437	1
1437	1467	1468	1
1437	1468	1438	1
1438	1468	1469	1
1438	1469	1439	1
1439	1469	1470	1
1439	1470	1440	1
1441	1471	1472	1
1441	1472	1442	1
1442	1472	1473	1
1442	1473	1443	1
1443	1473	1474	1
1443	1474	1444	1
1444	1474	1475	1
1444	1475	1445	1
1445	1475	1476	1
1445	1476	1446	1
1446	1476	1477	1
1446	1477	1447	1
1447	1477	1478	1
1447	1478	1448	1
1448	1478	1479	1
1448	1479	1449	1
1449	1479	1480	1
1449	1480	1450	1
1450	1480	1481	1
1450	1481	1451	1
1451	1481	1482	1
1451	1482	1452	1
1452	1482	1483	1
1452	1483	1453	1
1453	1483	1484	1
1453	1484	1454	1
1454	1484	1485	1
1454	1485	1455	1
1455	1485	1486	1
1455	1486	1456	1
1456	1486	1487	1
1456	1487	1457	1
1457	1487	1488	1
1457	1488	1458	1
1458	1488	1489	1
1458	1489	1459	1
1459	1489	1490	1
1459	1490	1460	1
1460	1490	1491	1
1460	1491	1461	1
1461	1491	1492	1
1461	1492	1462	1
1462	1492	1493	1
1462	1493	1463	1
1463	1493	1494	1
1463	1494	1464	1
1464	1494	1495	1
1464	1495	1465	1
1465	1495	1496	1
1465	1496	1466	1
1466	1496	1497	1
1466	1497	1467	1
1467	1497	1498	1
1467	1498	1468	1
1468	1498	1499	1
1468	1499	1469	1
1469	1499	1500	1
1469	1500	1470	1
1471	1501	1502	1
1471	1502	1472	1
1472	1502	1503	1
1472	1503	1473	1
1473	1503	1504	1
1473	1504	1474	1
1474	1504	1505	1
1474	1505	1475	1
1475	1505	1506	1
1475	1506	1476	1
1476	1506	1507	1
1476	1507	1477	1
1477	1507	1508	1
1477	1508	1478	1
1478	1508	1509	1
1478	1509	1479	1
1479	1509	1510	1
1479	1510	1480	1
1480	1510	1511	1
1480	1511	1481	1
1481	1511	1512	1
1481	1512	1482	1
1482	1512	1513	1
1482	1513	1483	1
1483	1513	1514	1
1483	1514	1484	1
1484	1514	1515	1
1484	1515	1485	1
1485	1515	1516	1
1485	1516	1486	1
1486	1516	1517	1
1486	1517	1487	1
1487	1517	1518	1
1487	1518	1488	1
1488	1518	1519	1
1488	1519	1489	1
1489	1519	1520	1
1489	1520	1490	1
1490	1520	1521	1
1490	1521	1491	1
1491	1521	1522	1
1491	1522	1492	1
1492	1522	1523	1
1492	1523	1493	1
1493	1523	1524	1
1493	1524	1494	1
1494	1524	1525	1
1494	1525	1495	1
1495	1525	1526	1
1495	1526	1496	1
1496	1526	1527	1
1496	1527	1497	1
1497	1527	1528	1
1497	1528	1498	1
1498	1528	1529	1
1498	1529	1499	1
1499	1529	1530	1
1499	1530	1500	1
1501	1531	1532	1
1501	1532	1502	1
1502	1532	1533	1
1502	1533	1503	1
1503	1533	1534	1
1503	1534	1504	1
1504	1534	1535	1
1504	1535	1505	1
1505	1535	1536	1
1505	1536	1506	1
1506	1536	1537	1
1506	1537	1507	1
1507	1537	1538	1
1507	1538	1508	1
1508	1538	1539	1
1508	1539	1509	1
1509	1539	1540	1
1509	1540	1510	1
1510	1540	1541	1
1510	1541	1511	1
1511	1541	1542	1
1511	1542	1512	1
1512	1542	1543	1
1512	1543	1513	1
1513	1543	1544	1
1513	1544	1514	1
1514	1544	1545	1
1514	1545	1515	1
1515	1545	1546	1
1515	1546	1516	1
1516	1546	1547	1
1516	1547	1517	1
1517	1547	1548	1
1517	1548	1518	1
1518	1548	1549	1
1518	1549	1519	1
1519	1549	1550	1
1519	1550	1520	1
1520	1550	1551	1
1520	1551	1521	1
1521	1551	1552	1
1521	1552	1522	1
1522	1552	1553	1
1522	1553	1523	1
1523	1553	1554	1
1523	1554	1524	1
1524	1554	1555	1
1524	1555	1525	1
1525	1555	1556	1
1525	1556	1526	1
1526	1556	1557	1
1526	1557	1527	1
1527	1557	1558	1
1527	1558	1528	1
1528	1558	1559	1
1528	1559	1529	1
1529	1559	1560	1
1529	1560	1530	1
1531	1561	1562	1
1531	1562	1532	1
1532	1562	1563	1
1532	1563	1533	1
1533	1563	1564	1
1533	1564	1534	1
1534	1564	1565	1
1534	1565	1535	1
1535	1565	1566	1
1535	1566	1536	1
1536	1566	1567	1
1536	1567	1537	1
1537	1567	1568	1
1537	1568	1538	1
1538	1568	1569	1
1538	1569	1539	1
1539	1569	1570	1
1539	1570	1540	1
1540	1570	1571	1
1540	1571	1541	1
1541	1571	1572	1
1541	1572	1542	1
1542	1572	1573	1
1542	1573	1543	1
1543	1573	1574	1
1543	1574	1544	1
1544	1574	1575	1
1544	1575	1545	1
1545	1575	1576	1
1545	1576	1546	1
1546	1576	1577	1
1546	1577	1547	1
1547	1577	1578	1
1547	1578	1548	1
1548	1578	1579	1
1548	1579	1549	1
1549	1579	1580	1
1549	1580	1550	1
1550	1580	1581	1
1550	1581	1551	1
1551	1581	1582	1
1551	1582	1552	1
1552	1582	1583	1
1552	1583	1553	1
1553	1583	1584	1
1553	1584	1554	1
1554	1584	1585	1
1554	1585	1555	1
1555	1585	1586	1
1555	1586	1556	1
1556	1586	1587	1
1556	1587	1557	1
1557	1587	1588	1
1557	1588	1558	1
1558	1588	1589	1
1558	1589	1559	1
1559	1589	1590	1
1559	1590	1560	1
1561	1591	1592	1
1561	1592	1562	1
1562	1592	1593	1
1562	1593	1563	1
1563	1593	1594	1
1563	1594	1564	1
1564	1594	1595	1
1564	1595	1565	1
1565	1595	1596	1
1565	1596	1566	1
1566	1596	1597	1
1566	1597	1567	1
1567	1597	1598	1
1567	1598	1568	1
1568	1598	1599	1
1568	1599	1569	1
1569	1599	1600	1
1569	1600	1570	1
1570	1600	1601	1
1570	1601	1571	1
1571	1601	1602	1
1571	1602	1572	1
1572	1602	1603	1
1572	1603	1573	1
1573	1603	1604	1
1573	1604	1574	1
1574	1604	1605	1
1574	1605	1575	1
1575	1605	1606	1
1575	1606	1576	1
1576	1606	1607	1
1576	1607	1577	1
1577	1607	1608	1
1577	1608	1578	1
1578	1608	1609	1
1578	1609	1579	1
1579	1609	1610	1
1579	1610	1580	1
1580	1610	1611	1
1580	1611	1581	1
1581	1611	1612	1
1581	1612	1582	1
1582	1612	1613	1
1582	1613	1583	1
1583	1613	1614	1
1583	1614	1584	1
1584	1614	1615	1
1584	1615	1585	1
1585	1615	1616	1
1585	1616	1586	1
1586	1616	1617	1
1586	1617	1587	1
1587	1617	1618	1
1587	1618	1588	1
1588	1618	1619	1
1588	1619	1589	1
1589	1619	1620	1
1589	1620	1590	1
1591	1621	1622	1
1591	1622	1592	1
1592	1622	1623	1
1592	1623	1593	1
1593	1623	1624	1
1593	1624	1594	1
1594	1624	1625	1
1594	1625	1595	1
1595	1625	1626	1
1595	1626	1596	1
1596	1626	1627	1
1596	1627	1597	1
1597	1627	1628	1
1597	1628	1598	1
1598	1628	1629	1
1598	1629	1599	1
1599	1629	1630	1
1599	1630	1600	1
1600	1630	1631	1
1600	1631	1601	1
1601	1631	1632	1
1601	1632	1602	1
1602	1632	1633	1
1602	1633	1603	1
1603	1633	1634	1
1603	1634	1604	1
1604	1634	1635	1
1604	1635	1605	1
1605	1635	1636	1
1605	1636	1606	1
1606	1636	1637	1
1606	1637	1607	1
1607	1637	1638	1
1607	1638	1608	1
1608	1638	1639	1
1608	1639	1609	1
1609	1639	1640	1
1609	1640	1610	1
1610	1640	1641	1
1610	1641	1611	1
1611	1641	1642	1
1611	1642	1612	1
1612	1642	1643	1
1612	1643	1613	1
1613	1643	1644	1
1613	1644	1614	1
1614	1644	1645	1
1614	1645	1615	1
1615	1645	1646	1
1615	1646	1616	1
1616	1646	1647	1
1616	1647	1617	1
1617	1647	1648	1
1617	1648	1618	1
1618	1648	1649	1
1618	1649	1619	1
1619	1649	1650	1
1619	1650	1620	1
1621	1651	1652	1
1621	1652	1622	1
1622	1652	1653	1
1622	1653	1623	1
1623	1653	1654	1
1623	1654	1624	1
1624	1654	1655	1
1624	1655	1625	1
1625	1655	1656	1
1625	1656	1626	1
1626	1656	1657	1
1626	1657	1627	1
1627	1657	1658	1
1627	1658	1628	1
1628	1658	1659	1
1628	1659	1629	1
1629	1659	1660	1
1629	1660	1630	1
1630	1660	1661	1
1630	1661	1631	1
1631	1661	1662	1
1631	1662	1632	1
1632	1662	1663	1
1632	1663	1633	1
1633	1663	1664	1
1633	1664	1634	1
1634	1664	1665	1
1634	1665	1635	1
1635	1665	1666	1
1635	1666	1636	1
1636	1666	1667	1
1636	1667	1637	1
1637	1667	1668	1
1637	1668	1638	1
1638	1668	1669	1
1638	1669	1639	1
1639	1669	1670	1
1639	1670	1640	1
1640	1670	1671	1
1640	1671	1641	1
1641	1671	1672	1
1641	1672	1642	1
1642	1672	1673	1
1642	1673	1643	1
1643	1673	1674	1
1643	1674	1644	1
1644	1674	1675	1
1644	1675	1645	1
1645	1675	1676	1
1645	1676	1646	1
1646	1676	1677	1
1646	1677	1647	1
1647	1677	1678	1
1647	1678	1648	1
1648	1678	1679	1
1648	1679	1649	1
1649	1679	1680	1
1649	1680	1650	1
1651	1681	1682	1
1651	1682	1652	1
1652	1682	1683	1
1652	1683	1653	1
1653	1683	1684	1
1653	1684	1654	1
1654	1684	1685	1
1654	1685	1655	1
1655	1685	1686	1
1655	1686	1656	1
1656	1686	1687	1
1656	1687	1657	1
1657	1687	1688	1
1657	1688	1658	1
1658	1688	1689	1
1658	1689	1659	1
1659	1689	1690	1
1659	1690	1660	1
1660	1690	1691	1
1660	1691	1661	1
1661	1691	1692	1
1661	1692	1662	1
1662	1692	1693	1
1662	1693	1663	1
1663	1693	1694	1
1663	1694	1664	1
1664	1694	1695	1
1664	1695	1665	1
1665	1695	1696	1
1665	1696	1666	1
1666	1696	1697	1
1666	1697	1667	1
1667	1697	1698	1
1667	1698	1668	1
1668	1698	1699	1
1668	1699	1669	1
1669	1699	1700	1
1669	1700	1670	1
1670	1700	1701	1
1670	1701	1671	1
1671	1701	1702	1
1671	1702	1672	1
1672	1702	1703	1
1672	1703	1673	1
1673	1703	1704	1
1673	1704	1674	1
1674	1704	1705	1
1674	1705	1675	1
1675	1705	1706	1
1675	1706	1676	1
1676	1706	1707	1
1676	1707	1677	1
1677	1707	1708	1
1677	1708	1678	1
1678	1708	1709	1
1678	1709	1679	1
1679	1709	1710	1
1679	1710	1680	1
1681	1711	1712	1
1681	1712	1682	1
1682	1712	1713	1
1682	1713	1683	1
1683	1713	1714	1
1683	1714	1684	1
1684	1714	1715	1
1684	1715	1685	1
1685	1715	1716	1
1685	1716	1686	1
1686	1716	1717	1
1686	1717	1687	1
1687	1717	1718	1
1687	1718	1688	1
1688	1718	1719	1
1688	1719	1689	1
1689	1719	1720	1
1689	1720	1690	1
1690	1720	1721	1
1690	1721	1691	1
1691	1721	1722	1
1691	1722	1692	1
1692	1722	1723	1
1692	1723	1693	1
1693	1723	1724	1
1693	1724	1694	1
1694	1724	1725	1
1694	1725	1695	1
1695	1725	1726	1
1695	1726	1696	1
1696	1726	1727	1
1696	1727	1697	1
1697	1727	1728	1
1697	1728	1698	1
1698	1728	1729	1
1698	1729	1699	1
1699	1729	1730	1
1699	1730	1700	1
1700	1730	1731	1
1700	1731	1701	1
1701	1731	1732	1
1701	1732	1702	1
1702	1732	1733	1
1702	1733	1703	1
1703	1733	1734	1
1703	1734	1704	1
1704	1734	1735	1
1704	1735	1705	1
1705	1735	1736	1
1705	1736	1706	1
1706	1736	1737	1
1706	1737	1707	1
1707	1737	1738	1
1707	1738	1708	1
1708	1738	1739	1
1708	1739	1709	1
1709	1739	1740	1
1709	1740	1710	1
1711	1741	1712	1
1712	1741	1742	1
1712	1742	1713	1
1713	1742	1743	1
1713	1743	1714	1
1714	1743	1744	1
1714	1744	1715	1
1715	1744	1745	1
1715	1745	1716	1
1716	1745	1746	1
1716	1746	1717	1
1717	1746	1747	1
1717	1747	1718	1
1718	1747	1748	1
1718	1748	1719	1
1719	1748	1749	1
1719	1749	1720	1
1720	1749	1750	1
1720	1750	1721	1
1748	1751	1752	1
1748	1752	1749	1
1749	1752	1753	1
1749	1753	1750	1
1751	1754	1752	1
1752	1754	1755	1
1752	1755	1753	1
1754	1756	1755	1
1721	1750	1722	1
1722	1750	1757	1
1750	1753	1757	1
1722	1757	1723	1
1723	1757	1724	1
1724	1757	1725	1
1725	1758	1726	1
1726	1758	1727	1
1727	1758	1759	1
1727	1759	1728	1
1728	1759	1760	1
1728	1760	1729	1
1729	1760	1761	1
1729	1761	1730	1
1730	1761	1762	1
1730	1762	1731	1
1731	1762	1763	1
1731	1763	1732	1
1732	1763	1764	1
1732	1764	1733	1
1733	1764	1765	1
1733	1765	1734	1
1734	1765	1766	1
1734	1766	1735	1
1735	1766	1767	1
1735	1767	1736	1
1736	1767	1768	1
1736	1768	1737	1
1737	1768	1769	1
1737	1769	1738	1
1738	1769	1739	1
1739	1769	1740	1
1763	1770	1764	1
0.00 	-26.46 
5.37 	-26.35 
10.74 	-26.04 
16.09 	-25.52 
21.42 	-24.80 
26.71 	-23.86 
31.97 	-22.73 
37.17 	-21.39 
40.18 	-20.52 
43.61 	-18.74 
46.16 	-15.85 
47.51 	-12.18 
47.77 	-10.44 
48.32 	-5.23 
48.50 	0.00 
48.23 	5.07 
47.44 	10.08 
46.13 	14.99 
44.31 	19.73 
42.00 	24.25 
39.24 	28.51 
36.04 	32.45 
32.45 	36.04 
28.51 	39.24 
24.25 	42.00 
19.73 	44.31 
14.99 	46.13 
10.08 	47.44 
5.07 	48.23 
0.00 	48.50 
0.00 	-27.46 
5.41 	-27.35 
10.82 	-27.04 
16.21 	-26.51 
21.57 	-25.78 
26.91 	-24.85 
32.20 	-23.70 
37.44 	-22.36 
40.47 	-21.48 
44.22 	-19.53 
47.02 	-16.36 
48.49 	-12.34 
48.76 	-10.58 
49.31 	-5.30 
49.50 	0.00 
49.23 	5.17 
48.42 	10.29 
47.08 	15.30 
45.22 	20.13 
42.87 	24.75 
40.05 	29.10 
36.79 	33.12 
33.12 	36.79 
29.10 	40.05 
24.75 	42.87 
20.13 	45.22 
15.30 	47.08 
10.29 	48.42 
5.17 	49.23 
0.00 	49.50 
0.00 	-28.46 
5.45 	-28.35 
10.90 	-28.03 
16.32 	-27.51 
21.73 	-26.77 
27.10 	-25.83 
32.43 	-24.68 
37.71 	-23.32 
40.76 	-22.44 
44.84 	-20.32 
47.88 	-16.87 
49.48 	-12.50 
49.75 	-10.72 
50.31 	-5.37 
50.50 	0.00 
50.22 	5.28 
49.40 	10.50 
48.03 	15.61 
46.13 	20.54 
43.73 	25.25 
40.86 	29.68 
37.53 	33.79 
33.79 	37.53 
29.68 	40.86 
25.25 	43.73 
20.54 	46.13 
15.61 	48.03 
10.50 	49.40 
5.28 	50.22 
0.00 	50.50 
0.00 	-29.46 
5.49 	-29.35 
10.97 	-29.03 
16.44 	-28.50 
21.88 	-27.76 
27.29 	-26.81 
32.66 	-25.65 
37.98 	-24.28 
41.05 	-23.39 
45.46 	-21.11 
48.74 	-17.38 
50.47 	-12.66 
50.74 	-10.86 
51.31 	-5.44 
51.50 	0.00 
51.22 	5.38 
50.37 	10.71 
48.98 	15.91 
47.05 	20.95 
44.60 	25.75 
41.66 	30.27 
38.27 	34.46 
34.46 	38.27 
30.27 	41.66 
25.75 	44.60 
20.95 	47.05 
15.91 	48.98 
10.71 	50.37 
5.38 	51.22 
0.00 	51.50 
0.00 	-30.46 
5.53 	-30.35 
11.05 	-30.03 
16.56 	-29.49 
22.04 	-28.75 
27.48 	-27.79 
32.89 	-26.62 
38.24 	-25.25 
41.34 	-24.35 
46.07 	-21.90 
49.60 	-17.89 
51.45 	-12.82 
51.73 	-10.99 
52.31 	-5.51 
52.50 	0.00 
52.21 	5.49 
51.35 	10.92 
49.93 	16.22 
47.96 	21.35 
45.47 	26.25 
42.47 	30.86 
39.02 	35.13 
35.13 	39.02 
30.86 	42.47 
26.25 	45.47 
21.35 	47.96 
16.22 	49.93 
10.92 	51.35 
5.49 	52.21 
0.00 	52.50 
0.00 	-31.46 
5.57 	-31.35 
11.13 	-31.03 
16.67 	-30.49 
22.19 	-29.74 
27.67 	-28.77 
33.12 	-27.60 
38.51 	-26.21 
41.63 	-25.31 
46.69 	-22.68 
50.46 	-18.41 
52.44 	-12.99 
52.72 	-11.13 
53.31 	-5.58 
53.50 	0.00 
53.21 	5.59 
52.33 	11.12 
50.88 	16.53 
48.87 	21.76 
46.33 	26.75 
43.28 	31.45 
39.76 	35.80 
35.80 	39.76 
31.45 	43.28 
26.75 	46.33 
21.76 	48.87 
16.53 	50.88 
11.12 	52.33 
5.59 	53.21 
0.00 	53.50 
0.00 	-32.46 
5.61 	-32.35 
11.21 	-32.02 
16.79 	-31.48 
22.34 	-30.72 
27.87 	-29.75 
33.35 	-28.57 
38.78 	-27.17 
41.91 	-26.27 
47.30 	-23.47 
51.32 	-18.92 
53.43 	-13.15 
53.71 	-11.27 
54.30 	-5.65 
54.50 	0.00 
54.20 	5.70 
53.31 	11.33 
51.83 	16.84 
49.79 	22.17 
47.20 	27.25 
44.09 	32.03 
40.50 	36.47 
36.47 	40.50 
32.03 	44.09 
27.25 	47.20 
22.17 	49.79 
16.84 	51.83 
11.33 	53.31 
5.70 	54.20 
0.00 	54.50 
0.00 	-33.46 
5.65 	-33.35 
11.28 	-33.02 
16.90 	-32.47 
22.50 	-31.71 
28.06 	-30.73 
33.58 	-29.54 
39.05 	-28.14 
42.20 	-27.22 
47.92 	-24.26 
52.18 	-19.43 
54.41 	-13.31 
54.70 	-11.41 
55.30 	-5.72 
55.50 	0.00 
55.20 	5.80 
54.29 	11.54 
52.78 	17.15 
50.70 	22.57 
48.06 	27.75 
44.90 	32.62 
41.24 	37.14 
37.14 	41.24 
32.62 	44.90 
27.75 	48.06 
22.57 	50.70 
17.15 	52.78 
11.54 	54.29 
5.80 	55.20 
0.00 	55.50 
0.00 	-34.46 
5.68 	-34.35 
11.36 	-34.02 
17.02 	-33.47 
22.65 	-32.70 
28.25 	-31.72 
33.81 	-30.52 
39.31 	-29.10 
42.49 	-28.18 
48.53 	-25.05 
53.04 	-19.94 
55.40 	-13.47 
55.69 	-11.55 
56.30 	-5.79 
56.50 	0.00 
56.19 	5.91 
55.27 	11.75 
53.73 	17.46 
51.62 	22.98 
48.93 	28.25 
45.71 	33.21 
41.99 	37.81 
37.81 	41.99 
33.21 	45.71 
28.25 	48.93 
22.98 	51.62 
17.46 	53.73 
11.75 	55.27 
5.91 	56.19 
0.00 	56.50 
0.00 	-35.46 
5.72 	-35.35 
11.44 	-35.01 
17.13 	-34.46 
22.81 	-33.69 
28.44 	-32.70 
34.04 	-31.49 
39.58 	-30.06 
42.78 	-29.14 
49.15 	-25.84 
53.89 	-20.46 
56.39 	-13.64 
56.68 	-11.69 
57.30 	-5.86 
57.50 	0.00 
57.19 	6.01 
56.24 	11.95 
54.69 	17.77 
52.53 	23.39 
49.80 	28.75 
46.52 	33.80 
42.73 	38.48 
38.48 	42.73 
33.80 	46.52 
28.75 	49.80 
23.39 	52.53 
17.77 	54.69 
11.95 	56.24 
6.01 	57.19 
0.00 	57.50 
0.00 	-36.46 
5.76 	-36.34 
11.51 	-36.01 
17.25 	-35.45 
22.96 	-34.68 
28.64 	-33.68 
34.27 	-32.46 
39.85 	-31.03 
43.07 	-30.10 
49.77 	-26.62 
54.75 	-20.97 
57.37 	-13.80 
57.67 	-11.83 
58.29 	-5.93 
58.50 	0.00 
58.18 	6.11 
57.22 	12.16 
55.64 	18.08 
53.44 	23.79 
50.66 	29.25 
47.33 	34.39 
43.47 	39.14 
39.14 	43.47 
34.39 	47.33 
29.25 	50.66 
23.79 	53.44 
18.08 	55.64 
12.16 	57.22 
6.11 	58.18 
0.00 	58.50 
0.00 	-37.46 
5.80 	-37.34 
11.59 	-37.01 
17.37 	-36.45 
23.11 	-35.66 
28.83 	-34.66 
34.50 	-33.44 
40.12 	-31.99 
43.36 	-31.05 
50.38 	-27.41 
55.61 	-21.48 
58.36 	-13.96 
58.66 	-11.97 
59.29 	-6.00 
59.50 	0.00 
59.17 	6.22 
58.20 	12.37 
56.59 	18.39 
54.36 	24.20 
51.53 	29.75 
48.14 	34.97 
44.22 	39.81 
39.81 	44.22 
34.97 	48.14 
29.75 	51.53 
24.20 	54.36 
18.39 	56.59 
12.37 	58.20 
6.22 	59.17 
0.00 	59.50 
0.00 	-38.46 
5.84 	-38.34 
11.67 	-38.00 
17.48 	-37.44 
23.27 	-36.65 
29.02 	-35.64 
34.73 	-34.41 
40.38 	-32.96 
43.65 	-32.01 
51.00 	-28.20 
56.47 	-21.99 
59.35 	-14.12 
59.65 	-12.11 
60.29 	-6.07 
60.50 	0.00 
60.17 	6.32 
59.18 	12.58 
57.54 	18.70 
55.27 	24.61 
52.39 	30.25 
48.95 	35.56 
44.96 	40.48 
40.48 	44.96 
35.56 	48.95 
30.25 	52.39 
24.61 	55.27 
18.70 	57.54 
12.58 	59.18 
6.32 	60.17 
0.00 	60.50 
0.00 	-39.46 
5.88 	-39.34 
11.75 	-39.00 
17.60 	-38.43 
23.42 	-37.64 
29.21 	-36.62 
34.96 	-35.38 
40.65 	-33.92 
43.94 	-32.97 
51.61 	-28.99 
57.33 	-22.50 
60.33 	-14.29 
60.64 	-12.25 
61.29 	-6.14 
61.50 	0.00 
61.16 	6.43 
60.16 	12.79 
58.49 	19.00 
56.18 	25.01 
53.26 	30.75 
49.75 	36.15 
45.70 	41.15 
41.15 	45.70 
36.15 	49.75 
30.75 	53.26 
25.01 	56.18 
19.00 	58.49 
12.79 	60.16 
6.43 	61.16 
0.00 	61.50 
0.00 	-40.46 
5.92 	-40.34 
11.82 	-40.00 
17.71 	-39.43 
23.58 	-38.63 
29.40 	-37.60 
35.19 	-36.35 
40.92 	-34.88 
44.23 	-33.92 
52.23 	-29.78 
58.19 	-23.02 
61.32 	-14.45 
61.63 	-12.39 
62.28 	-6.21 
62.50 	0.00 
62.16 	6.53 
61.13 	12.99 
59.44 	19.31 
57.10 	25.42 
54.13 	31.25 
50.56 	36.74 
46.45 	41.82 
41.82 	46.45 
36.74 	50.56 
31.25 	54.13 
25.42 	57.10 
19.31 	59.44 
12.99 	61.13 
6.53 	62.16 
0.00 	62.50 
0.00 	-41.46 
5.95 	-41.34 
11.90 	-41.00 
17.83 	-40.42 
23.73 	-39.62 
29.60 	-38.59 
35.42 	-37.33 
41.19 	-35.85 
44.52 	-34.88 
52.84 	-30.56 
59.05 	-23.53 
62.31 	-14.61 
62.62 	-12.53 
63.28 	-6.28 
63.50 	0.00 
63.15 	6.64 
62.11 	13.20 
60.39 	19.62 
58.01 	25.83 
54.99 	31.75 
51.37 	37.32 
47.19 	42.49 
42.49 	47.19 
37.32 	51.37 
31.75 	54.99 
25.83 	58.01 
19.62 	60.39 
13.20 	62.11 
6.64 	63.15 
0.00 	63.50 
0.00 	-42.46 
5.99 	-42.34 
11.98 	-41.99 
17.94 	-41.41 
23.88 	-40.60 
29.79 	-39.57 
35.65 	-38.30 
41.45 	-36.81 
44.80 	-35.84 
53.46 	-31.35 
59.91 	-24.04 
63.29 	-14.77 
63.61 	-12.66 
64.28 	-6.35 
64.50 	0.00 
64.15 	6.74 
63.09 	13.41 
61.34 	19.93 
58.92 	26.23 
55.86 	32.25 
52.18 	37.91 
47.93 	43.16 
43.16 	47.93 
37.91 	52.18 
32.25 	55.86 
26.23 	58.92 
19.93 	61.34 
13.41 	63.09 
6.74 	64.15 
0.00 	64.50 
0.00 	-43.46 
6.03 	-43.34 
12.06 	-42.99 
18.06 	-42.41 
24.04 	-41.59 
29.98 	-40.55 
35.88 	-39.27 
41.72 	-37.77 
45.09 	-36.80 
54.08 	-32.14 
60.77 	-24.55 
64.28 	-14.94 
64.60 	-12.80 
65.28 	-6.42 
65.50 	0.00 
65.14 	6.85 
64.07 	13.62 
62.29 	20.24 
59.84 	26.64 
56.72 	32.75 
52.99 	38.50 
48.68 	43.83 
43.83 	48.68 
38.50 	52.99 
32.75 	56.72 
26.64 	59.84 
20.24 	62.29 
13.62 	64.07 
6.85 	65.14 
0.00 	65.50 
0.00 	-44.46 
6.07 	-44.34 
12.13 	-43.99 
18.18 	-43.40 
24.19 	-42.58 
30.17 	-41.53 
36.11 	-40.25 
41.99 	-38.74 
45.38 	-37.75 
54.69 	-32.93 
61.62 	-25.06 
65.27 	-15.10 
65.59 	-12.94 
66.27 	-6.49 
66.50 	0.00 
66.14 	6.95 
65.05 	13.83 
63.25 	20.55 
60.75 	27.05 
57.59 	33.25 
53.80 	39.09 
49.42 	44.50 
44.50 	49.42 
39.09 	53.80 
33.25 	57.59 
27.05 	60.75 
20.55 	63.25 
13.83 	65.05 
6.95 	66.14 
0.00 	66.50 
0.00 	-45.46 
6.11 	-45.34 
12.21 	-44.98 
18.29 	-44.39 
24.35 	-43.57 
30.36 	-42.51 
36.34 	-41.22 
42.26 	-39.70 
45.67 	-38.71 
55.31 	-33.72 
62.48 	-25.58 
66.25 	-15.26 
66.59 	-13.08 
67.27 	-6.56 
67.50 	0.00 
67.13 	7.06 
66.02 	14.03 
64.20 	20.86 
61.66 	27.45 
58.46 	33.75 
54.61 	39.68 
50.16 	45.17 
45.17 	50.16 
39.68 	54.61 
33.75 	58.46 
27.45 	61.66 
20.86 	64.20 
14.03 	66.02 
7.06 	67.13 
0.00 	67.50 
0.00 	-46.46 
6.15 	-46.34 
12.29 	-45.98 
18.41 	-45.39 
24.50 	-44.56 
30.56 	-43.49 
36.57 	-42.19 
42.52 	-40.66 
45.96 	-39.67 
55.92 	-34.50 
63.34 	-26.09 
67.24 	-15.42 
67.58 	-13.22 
68.27 	-6.63 
68.50 	0.00 
68.12 	7.16 
67.00 	14.24 
65.15 	21.17 
62.58 	27.86 
59.32 	34.25 
55.42 	40.26 
50.91 	45.84 
45.84 	50.91 
40.26 	55.42 
34.25 	59.32 
27.86 	62.58 
21.17 	65.15 
14.24 	67.00 
7.16 	68.12 
0.00 	68.50 
0.00 	-47.46 
6.19 	-47.34 
12.36 	-46.98 
18.52 	-46.38 
24.65 	-45.54 
30.75 	-44.47 
36.80 	-43.17 
42.79 	-41.63 
46.25 	-40.63 
56.54 	-35.29 
64.20 	-26.60 
68.23 	-15.58 
68.57 	-13.36 
69.27 	-6.70 
69.50 	0.00 
69.12 	7.26 
67.98 	14.45 
66.10 	21.48 
63.49 	28.27 
60.19 	34.75 
56.23 	40.85 
51.65 	46.50 
46.50 	51.65 
40.85 	56.23 
34.75 	60.19 
28.27 	63.49 
21.48 	66.10 
14.45 	67.98 
7.26 	69.12 
0.00 	69.50 
0.00 	-48.46 
6.23 	-48.34 
12.44 	-47.97 
18.64 	-47.37 
24.81 	-46.53 
30.94 	-45.45 
37.03 	-44.14 
43.06 	-42.59 
46.54 	-41.58 
57.15 	-36.08 
65.06 	-27.11 
69.21 	-15.75 
69.56 	-13.50 
70.26 	-6.77 
70.50 	0.00 
70.11 	7.37 
68.96 	14.66 
67.05 	21.79 
64.40 	28.67 
61.05 	35.25 
57.04 	41.44 
52.39 	47.17 
47.17 	52.39 
41.44 	57.04 
35.25 	61.05 
28.67 	64.40 
21.79 	67.05 
14.66 	68.96 
7.37 	70.11 
0.00 	70.50 
0.00 	-49.46 
6.26 	-49.33 
12.52 	-48.97 
18.75 	-48.37 
24.96 	-47.52 
31.13 	-46.44 
37.26 	-45.11 
43.33 	-43.55 
46.83 	-42.54 
57.77 	-36.87 
65.92 	-27.62 
70.20 	-15.91 
70.55 	-13.64 
71.26 	-6.84 
71.50 	0.00 
71.11 	7.47 
69.94 	14.87 
68.00 	22.09 
65.32 	29.08 
61.92 	35.75 
57.84 	42.03 
53.13 	47.84 
47.84 	53.13 
42.03 	57.84 
35.75 	61.92 
29.08 	65.32 
22.09 	68.00 
14.87 	69.94 
7.47 	71.11 
0.00 	71.50 
0.00 	-50.46 
6.30 	-50.33 
12.60 	-49.97 
18.87 	-49.36 
25.12 	-48.51 
31.33 	-47.42 
37.49 	-46.09 
43.59 	-44.52 
47.12 	-43.50 
58.38 	-37.66 
66.78 	-28.14 
71.19 	-16.07 
71.54 	-13.78 
72.26 	-6.91 
72.50 	0.00 
72.10 	7.58 
70.92 	15.07 
68.95 	22.40 
66.23 	29.49 
62.79 	36.25 
58.65 	42.61 
53.88 	48.51 
48.51 	53.88 
42.61 	58.65 
36.25 	62.79 
29.49 	66.23 
22.40 	68.95 
15.07 	70.92 
7.58 	72.10 
0.00 	72.50 
0.00 	-51.46 
6.34 	-51.33 
12.67 	-50.97 
18.99 	-50.35 
25.27 	-49.50 
31.52 	-48.40 
37.72 	-47.06 
43.86 	-45.48 
47.41 	-44.45 
59.00 	-38.44 
67.64 	-28.65 
72.17 	-16.23 
72.53 	-13.92 
73.26 	-6.98 
73.50 	0.00 
73.10 	7.68 
71.89 	15.28 
69.90 	22.71 
67.15 	29.90 
63.65 	36.75 
59.46 	43.20 
54.62 	49.18 
49.18 	54.62 
43.20 	59.46 
36.75 	63.65 
29.90 	67.15 
22.71 	69.90 
15.28 	71.89 
7.68 	73.10 
0.00 	73.50 
0.00 	-52.46 
6.38 	-52.33 
12.75 	-51.96 
19.10 	-51.35 
25.43 	-50.49 
31.71 	-49.38 
37.95 	-48.03 
44.13 	-46.45 
47.70 	-45.41 
59.62 	-39.23 
68.50 	-29.16 
73.16 	-16.40 
73.52 	-14.06 
74.25 	-7.05 
74.50 	0.00 
74.09 	7.79 
72.87 	15.49 
70.85 	23.02 
68.06 	30.30 
64.52 	37.25 
60.27 	43.79 
55.36 	49.85 
49.85 	55.36 
43.79 	60.27 
37.25 	64.52 
30.30 	68.06 
23.02 	70.85 
15.49 	72.87 
7.79 	74.09 
0.00 	74.50 
0.00 	-53.46 
6.42 	-53.33 
12.83 	-52.96 
19.22 	-52.34 
25.58 	-51.47 
31.90 	-50.36 
38.18 	-49.01 
44.40 	-47.41 
47.98 	-46.37 
60.23 	-40.02 
69.36 	-29.67 
74.15 	-16.56 
74.51 	-14.20 
75.25 	-7.12 
75.50 	0.00 
75.09 	7.89 
73.85 	15.70 
71.80 	23.33 
68.97 	30.71 
65.38 	37.75 
61.08 	44.38 
56.11 	50.52 
50.52 	56.11 
44.38 	61.08 
37.75 	65.38 
30.71 	68.97 
23.33 	71.80 
15.70 	73.85 
7.89 	75.09 
0.00 	75.50 
0.00 	-54.46 
6.46 	-54.33 
12.91 	-53.96 
19.33 	-53.33 
25.73 	-52.46 
32.09 	-51.34 
38.41 	-49.98 
44.66 	-48.37 
48.27 	-47.33 
60.85 	-40.81 
70.21 	-30.18 
75.13 	-16.72 
75.50 	-14.33 
76.25 	-7.18 
76.50 	0.00 
76.08 	8.00 
74.83 	15.91 
72.76 	23.64 
69.89 	31.12 
66.25 	38.25 
61.89 	44.97 
56.85 	51.19 
51.19 	56.85 
44.97 	61.89 
38.25 	66.25 
31.12 	69.89 
23.64 	72.76 
15.91 	74.83 
8.00 	76.08 
0.00 	76.50 
0.00 	-55.46 
6.50 	-55.33 
12.98 	-54.95 
19.45 	-54.33 
25.89 	-53.45 
32.29 	-52.32 
38.64 	-50.95 
44.93 	-49.34 
48.56 	-48.28 
61.46 	-41.60 
71.07 	-30.70 
76.12 	-16.88 
76.49 	-14.47 
77.25 	-7.25 
77.50 	0.00 
77.08 	8.10 
75.81 	16.11 
73.71 	23.95 
70.80 	31.52 
67.12 	38.75 
62.70 	45.55 
57.59 	51.86 
51.86 	57.59 
45.55 	62.70 
38.75 	67.12 
31.52 	70.80 
23.95 	73.71 
16.11 	75.81 
8.10 	77.08 
0.00 	77.50 
0.00 	-56.46 
6.53 	-56.33 
13.06 	-55.95 
19.57 	-55.32 
26.04 	-54.44 
32.48 	-53.31 
38.87 	-51.93 
45.20 	-50.30 
48.85 	-49.24 
62.08 	-42.38 
71.93 	-31.21 
77.11 	-17.05 
77.48 	-14.61 
78.24 	-7.32 
78.50 	0.00 
78.07 	8.21 
76.78 	16.32 
74.66 	24.26 
71.71 	31.93 
67.98 	39.25 
63.51 	46.14 
58.34 	52.53 
52.53 	58.34 
46.14 	63.51 
39.25 	67.98 
31.93 	71.71 
24.26 	74.66 
16.32 	76.78 
8.21 	78.07 
0.00 	78.50 
0.00 	-58.46 
6.61 	-58.33 
13.21 	-57.94 
19.80 	-57.31 
26.35 	-56.41 
32.86 	-55.27 
39.33 	-53.87 
45.73 	-52.23 
49.43 	-51.16 
63.31 	-43.96 
73.65 	-32.23 
79.08 	-17.37 
79.46 	-14.89 
80.24 	-7.46 
80.50 	0.00 
80.06 	8.41 
78.74 	16.74 
76.56 	24.88 
73.54 	32.74 
69.72 	40.25 
65.13 	47.32 
59.82 	53.87 
53.87 	59.82 
47.32 	65.13 
40.25 	69.72 
32.74 	73.54 
24.88 	76.56 
16.74 	78.74 
8.41 	80.06 
0.00 	80.50 
0.00 	-60.46 
6.69 	-60.33 
13.37 	-59.94 
20.03 	-59.29 
26.66 	-58.39 
33.25 	-57.23 
39.79 	-55.82 
46.27 	-54.15 
50.01 	-53.07 
64.54 	-45.54 
75.37 	-33.26 
81.05 	-17.70 
81.44 	-15.17 
82.23 	-7.60 
82.50 	0.00 
82.05 	8.62 
80.70 	17.15 
78.46 	25.49 
75.37 	33.56 
71.45 	41.25 
66.74 	48.49 
61.31 	55.20 
55.20 	61.31 
48.49 	66.74 
41.25 	71.45 
33.56 	75.37 
25.49 	78.46 
17.15 	80.70 
8.62 	82.05 
0.00 	82.50 
0.00 	-62.46 
6.77 	-62.33 
13.52 	-61.93 
20.26 	-61.28 
26.97 	-60.37 
33.63 	-59.19 
40.25 	-57.76 
46.80 	-56.08 
50.59 	-54.99 
65.77 	-47.11 
77.09 	-34.28 
83.03 	-18.02 
83.42 	-15.45 
84.23 	-7.74 
84.50 	0.00 
84.04 	8.83 
82.65 	17.57 
80.36 	26.11 
77.19 	34.37 
73.18 	42.25 
68.36 	49.67 
62.80 	56.54 
56.54 	62.80 
49.67 	68.36 
42.25 	73.18 
34.37 	77.19 
26.11 	80.36 
17.57 	82.65 
8.83 	84.04 
0.00 	84.50 
0.00 	-64.46 
6.84 	-64.32 
13.68 	-63.93 
20.49 	-63.27 
27.27 	-62.34 
34.02 	-61.16 
40.71 	-59.71 
47.34 	-58.01 
51.16 	-56.90 
67.00 	-48.69 
78.80 	-35.30 
85.00 	-18.34 
85.40 	-15.73 
86.22 	-7.88 
86.50 	0.00 
86.03 	9.04 
84.61 	17.98 
82.27 	26.73 
79.02 	35.18 
74.91 	43.25 
69.98 	50.84 
64.28 	57.88 
57.88 	64.28 
50.84 	69.98 
43.25 	74.91 
35.18 	79.02 
26.73 	82.27 
17.98 	84.61 
9.04 	86.03 
0.00 	86.50 
0.00 	-66.46 
6.92 	-66.32 
13.83 	-65.92 
20.72 	-65.25 
27.58 	-64.32 
34.40 	-63.12 
41.17 	-61.66 
47.87 	-59.94 
51.74 	-58.81 
68.24 	-50.26 
80.52 	-36.33 
86.97 	-18.67 
87.38 	-16.00 
88.22 	-8.02 
88.50 	0.00 
88.02 	9.25 
86.57 	18.40 
84.17 	27.35 
80.85 	36.00 
76.64 	44.25 
71.60 	52.02 
65.77 	59.22 
59.22 	65.77 
52.02 	71.60 
44.25 	76.64 
36.00 	80.85 
27.35 	84.17 
18.40 	86.57 
9.25 	88.02 
0.00 	88.50 
0.00 	-68.46 
7.00 	-68.32 
13.99 	-67.91 
20.95 	-67.24 
27.89 	-66.29 
34.78 	-65.08 
41.63 	-63.60 
48.41 	-61.86 
52.32 	-60.73 
69.47 	-51.84 
82.24 	-37.35 
88.95 	-18.99 
89.36 	-16.28 
90.21 	-8.16 
90.50 	0.00 
90.00 	9.46 
88.52 	18.82 
86.07 	27.97 
82.68 	36.81 
78.38 	45.25 
73.22 	53.19 
67.25 	60.56 
60.56 	67.25 
53.19 	73.22 
45.25 	78.38 
36.81 	82.68 
27.97 	86.07 
18.82 	88.52 
9.46 	90.00 
0.00 	90.50 
0.00 	-70.46 
7.08 	-70.32 
14.14 	-69.91 
21.19 	-69.23 
28.20 	-68.27 
35.17 	-67.04 
42.09 	-65.55 
48.94 	-63.79 
52.90 	-62.64 
70.70 	-53.42 
83.96 	-38.38 
90.92 	-19.32 
91.34 	-16.56 
92.21 	-8.30 
92.50 	0.00 
91.99 	9.67 
90.48 	19.23 
87.97 	28.58 
84.50 	37.62 
80.11 	46.25 
74.83 	54.37 
68.74 	61.89 
61.89 	68.74 
54.37 	74.83 
46.25 	80.11 
37.62 	84.50 
28.58 	87.97 
19.23 	90.48 
9.67 	91.99 
0.00 	92.50 
0.00 	-72.46 
7.15 	-72.32 
14.30 	-71.90 
21.42 	-71.21 
28.51 	-70.25 
35.55 	-69.01 
42.55 	-67.50 
49.48 	-65.72 
53.48 	-64.56 
71.93 	-54.99 
85.68 	-39.40 
92.89 	-19.64 
93.32 	-16.84 
94.21 	-8.44 
94.50 	0.00 
93.98 	9.88 
92.43 	19.65 
89.87 	29.20 
86.33 	38.44 
81.84 	47.25 
76.45 	55.55 
70.23 	63.23 
63.23 	70.23 
55.55 	76.45 
47.25 	81.84 
38.44 	86.33 
29.20 	89.87 
19.65 	92.43 
9.88 	93.98 
0.00 	94.50 
0.00 	-74.46 
7.23 	-74.32 
14.45 	-73.90 
21.65 	-73.20 
28.82 	-72.22 
35.94 	-70.97 
43.01 	-69.44 
50.01 	-67.64 
54.06 	-66.47 
73.16 	-56.57 
87.39 	-40.42 
94.87 	-19.97 
95.30 	-17.12 
96.20 	-8.58 
96.50 	0.00 
95.97 	10.09 
94.39 	20.06 
91.78 	29.82 
88.16 	39.25 
83.57 	48.25 
78.07 	56.72 
71.71 	64.57 
64.57 	71.71 
56.72 	78.07 
48.25 	83.57 
39.25 	88.16 
29.82 	91.78 
20.06 	94.39 
10.09 	95.97 
0.00 	96.50 
0.00 	-76.46 
7.31 	-76.31 
14.61 	-75.89 
21.88 	-75.19 
29.12 	-74.20 
36.32 	-72.93 
43.47 	-71.39 
50.55 	-69.57 
54.63 	-68.39 
74.39 	-58.14 
89.11 	-41.45 
96.84 	-20.29 
97.28 	-17.40 
98.20 	-8.72 
98.50 	0.00 
97.96 	10.30 
96.35 	20.48 
93.68 	30.44 
89.98 	40.06 
85.30 	49.25 
79.69 	57.90 
73.20 	65.91 
65.91 	73.20 
57.90 	79.69 
49.25 	85.30 
40.06 	89.98 
30.44 	93.68 
20.48 	96.35 
10.30 	97.96 
0.00 	98.50 
0.00 	-78.46 
7.39 	-78.31 
14.76 	-77.88 
22.11 	-77.17 
29.43 	-76.17 
36.71 	-74.90 
43.93 	-73.34 
51.08 	-71.50 
55.21 	-70.30 
75.62 	-59.72 
90.83 	-42.47 
98.82 	-20.62 
99.26 	-17.67 
100.19 	-8.86 
100.50 	0.00 
99.95 	10.51 
98.30 	20.90 
95.58 	31.06 
91.81 	40.88 
87.04 	50.25 
81.31 	59.07 
74.69 	67.25 
67.25 	74.69 
59.07 	81.31 
50.25 	87.04 
40.88 	91.81 
31.06 	95.58 
20.90 	98.30 
10.51 	99.95 
0.00 	100.50 
0.00 	-80.46 
7.46 	-80.31 
14.91 	-79.88 
22.34 	-79.16 
29.74 	-78.15 
37.09 	-76.86 
44.39 	-75.28 
51.62 	-73.43 
55.79 	-72.22 
76.85 	-61.30 
92.55 	-43.50 
100.79 	-20.94 
101.24 	-17.95 
102.19 	-9.00 
102.50 	0.00 
101.94 	10.71 
100.26 	21.31 
97.48 	31.67 
93.64 	41.69 
88.77 	51.25 
82.92 	60.25 
76.17 	68.59 
68.59 	76.17 
60.25 	82.92 
51.25 	88.77 
41.69 	93.64 
31.67 	97.48 
21.31 	100.26 
10.71 	101.94 
0.00 	102.50 
0.00 	-82.46 
7.54 	-82.31 
15.07 	-81.87 
22.58 	-81.14 
30.05 	-80.13 
37.48 	-78.82 
44.85 	-77.23 
52.15 	-75.35 
56.37 	-74.13 
78.09 	-62.87 
94.27 	-44.52 
102.76 	-21.27 
103.23 	-18.23 
104.18 	-9.14 
104.50 	0.00 
103.93 	10.92 
102.22 	21.73 
99.39 	32.29 
95.47 	42.50 
90.50 	52.25 
84.54 	61.42 
77.66 	69.92 
69.92 	77.66 
61.42 	84.54 
52.25 	90.50 
42.50 	95.47 
32.29 	99.39 
21.73 	102.22 
10.92 	103.93 
0.00 	104.50 
0.00 	-84.46 
7.62 	-84.31 
15.22 	-83.87 
22.81 	-83.13 
30.36 	-82.10 
37.86 	-80.78 
45.31 	-79.18 
52.69 	-77.28 
56.95 	-76.05 
79.32 	-64.45 
95.98 	-45.55 
104.74 	-21.59 
105.21 	-18.51 
106.18 	-9.28 
106.50 	0.00 
105.92 	11.13 
104.17 	22.14 
101.29 	32.91 
97.29 	43.32 
92.23 	53.25 
86.16 	62.60 
79.14 	71.26 
71.26 	79.14 
62.60 	86.16 
53.25 	92.23 
43.32 	97.29 
32.91 	101.29 
22.14 	104.17 
11.13 	105.92 
0.00 	106.50 
0.00 	-86.46 
7.69 	-86.31 
15.38 	-85.86 
23.04 	-85.12 
30.66 	-84.08 
38.24 	-82.75 
45.77 	-81.12 
53.22 	-79.21 
57.52 	-77.96 
80.55 	-66.03 
97.70 	-46.57 
106.71 	-21.92 
107.19 	-18.79 
108.17 	-9.42 
108.50 	0.00 
107.91 	11.34 
106.13 	22.56 
103.19 	33.53 
99.12 	44.13 
93.96 	54.25 
87.78 	63.77 
80.63 	72.60 
72.60 	80.63 
63.77 	87.78 
54.25 	93.96 
44.13 	99.12 
33.53 	103.19 
22.56 	106.13 
11.34 	107.91 
0.00 	108.50
0.00 	-96.46 
8.08 	-96.30 
16.15 	-95.83 
24.20 	-95.05 
32.21 	-93.96 
40.17 	-92.56 
48.07 	-90.85 
55.90 	-88.84 
60.41 	-87.53 
86.71 	-73.91 
106.29 	-51.69 
116.58 	-23.54 
117.09 	-20.18 
118.15 	-10.11 
118.50 	0.00 
117.85 	12.39 
115.91 	24.64 
112.70 	36.62 
108.26 	48.20 
102.62 	59.25 
95.87 	69.65 
88.06 	79.29 
79.29 	88.06 
69.65 	95.87 
59.25 	102.62 
48.20 	108.26 
36.62 	112.70 
24.64 	115.91 
12.39 	117.85 
0.00 	118.50
0.00 	-106.46 
8.47 	-106.29 
16.92 	-105.80 
25.35 	-104.98 
33.75 	-103.84 
42.09 	-102.37 
50.37 	-100.59 
58.57 	-98.48 
63.31 	-97.11 
92.86 	-81.79 
114.88 	-56.81 
126.44 	-25.16 
126.99 	-21.57 
128.12 	-10.81 
128.50 	0.00 
127.80 	13.43 
125.69 	26.72 
122.21 	39.71 
117.39 	52.27 
111.28 	64.25 
103.96 	75.53 
95.49 	85.98 
85.98 	95.49 
75.53 	103.96 
64.25 	111.28 
52.27 	117.39 
39.71 	122.21 
26.72 	125.69 
13.43 	127.80 
0.00 	128.50 
0.00 	-116.46 
8.85 	-116.28 
17.70 	-115.77 
26.51 	-114.92 
35.29 	-113.72 
44.01 	-112.19 
52.67 	-110.32 
61.24 	-108.11 
66.20 	-106.68 
99.02 	-89.67 
123.47 	-61.93 
136.31 	-26.79 
136.89 	-22.96 
138.10 	-11.51 
138.50 	0.00 
137.74 	14.48 
135.47 	28.80 
131.72 	42.80 
126.53 	56.33 
119.94 	69.25 
112.05 	81.41 
102.93 	92.67 
92.67 	102.93 
81.41 	112.05 
69.25 	119.94 
56.33 	126.53 
42.80 	131.72 
28.80 	135.47 
14.48 	137.74 
0.00 	138.50 
0.00 	-126.46 
9.24 	-126.28 
18.47 	-125.74 
27.67 	-124.85 
36.83 	-123.60 
45.93 	-122.00 
54.97 	-120.05 
63.92 	-117.75 
69.09 	-116.25 
105.18 	-97.55 
132.06 	-67.05 
146.18 	-28.41 
146.80 	-24.36 
148.07 	-12.21 
148.50 	0.00 
147.69 	15.52 
145.25 	30.87 
141.23 	45.89 
135.66 	60.40 
128.60 	74.25 
120.14 	87.29 
110.36 	99.37 
99.37 	110.36 
87.29 	120.14 
74.25 	128.60 
60.40 	135.66 
45.89 	141.23 
30.87 	145.25 
15.52 	147.69 
0.00 	148.50 
0.00 	-146.46 
10.01 	-146.26 
20.01 	-145.68 
29.98 	-144.71 
39.91 	-143.36 
49.78 	-141.63 
59.57 	-139.51 
69.27 	-137.02 
74.87 	-135.40 
117.49 	-113.31 
149.24 	-77.29 
165.91 	-31.66 
166.60 	-27.14 
168.02 	-13.60 
168.50 	0.00 
167.58 	17.61 
164.82 	35.03 
160.25 	52.07 
153.93 	68.54 
145.93 	84.25 
136.32 	99.04 
125.22 	112.75 
112.75 	125.22 
99.04 	136.32 
84.25 	145.93 
68.54 	153.93 
52.07 	160.25 
35.03 	164.82 
17.61 	167.58 
0.00 	168.50 
0.00 	-166.46 
10.79 	-166.25 
21.56 	-165.62 
32.30 	-164.58 
42.99 	-163.12 
53.62 	-161.26 
64.17 	-158.98 
74.62 	-156.29 
80.65 	-154.55 
129.80 	-129.07 
166.42 	-87.53 
185.65 	-34.91 
186.41 	-29.92 
187.98 	-15.00 
188.50 	0.00 
187.47 	19.70 
184.38 	39.19 
179.27 	58.25 
172.20 	76.67 
163.25 	94.25 
152.50 	110.80 
140.08 	126.13 
126.13 	140.08 
110.80 	152.50 
94.25 	163.25 
76.67 	172.20 
58.25 	179.27 
39.19 	184.38 
19.70 	187.47 
0.00 	188.50 
0.00 	-186.46 
11.56 	-186.23 
23.11 	-185.56 
34.62 	-184.45 
46.07 	-182.88 
57.46 	-180.88 
68.77 	-178.44 
79.97 	-175.56 
86.43 	-173.69 
142.11 	-144.83 
183.60 	-97.77 
205.38 	-38.15 
206.21 	-32.71 
207.93 	-16.39 
208.50 	0.00 
207.36 	21.79 
203.94 	43.35 
198.30 	64.43 
190.47 	84.80 
180.57 	104.25 
168.68 	122.55 
154.95 	139.51 
139.51 	154.95 
122.55 	168.68 
104.25 	180.57 
84.80 	190.47 
64.43 	198.30 
43.35 	203.94 
21.79 	207.36 
0.00 	208.50 
0.00 	-206.46 
12.33 	-206.22 
24.65 	-205.50 
36.93 	-204.31 
49.16 	-202.65 
61.31 	-200.51 
73.37 	-197.90 
85.31 	-194.84 
92.21 	-192.84 
154.43 	-160.59 
200.78 	-108.01 
225.12 	-41.40 
226.02 	-35.49 
227.88 	-17.79 
228.50 	0.00 
227.25 	23.88 
223.51 	47.51 
217.32 	70.61 
208.75 	92.94 
197.89 	114.25 
184.86 	134.31 
169.81 	152.90 
152.90 	169.81 
134.31 	184.86 
114.25 	197.89 
92.94 	208.75 
70.61 	217.32 
47.51 	223.51 
23.88 	227.25 
0.00 	228.50 
0.00 	-226.46 
13.11 	-226.20 
26.20 	-225.44 
39.25 	-224.18 
52.24 	-222.41 
65.15 	-220.14 
77.96 	-217.37 
90.66 	-214.11 
97.99 	-211.98 
166.74 	-176.35 
217.96 	-118.26 
244.85 	-44.65 
245.82 	-38.27 
247.83 	-19.18 
248.50 	0.00 
247.14 	25.98 
243.07 	51.67 
236.34 	76.79 
227.02 	101.07 
215.21 	124.25 
201.04 	146.06 
184.67 	166.28 
166.28 	184.67 
146.06 	201.04 
124.25 	215.21 
101.07 	227.02 
76.79 	236.34 
51.67 	243.07 
25.98 	247.14 
0.00 	248.50 
0.00 	-250.96 
14.06 	-250.68 
28.09 	-249.87 
42.08 	-248.51 
56.01 	-246.61 
69.86 	-244.18 
83.60 	-241.21 
97.22 	-237.71 
105.07 	-235.44 
181.82 	-195.65 
239.00 	-130.80 
269.03 	-48.63 
270.09 	-41.68 
272.27 	-20.89 
273.00 	0.00 
271.50 	28.54 
267.03 	56.76 
259.64 	84.36 
249.40 	111.04 
236.42 	136.50 
220.86 	160.47 
202.88 	182.67 
182.67 	202.88 
160.47 	220.86 
136.50 	236.42 
111.04 	249.40 
84.36 	259.64 
56.76 	267.03 
28.54 	271.50 
0.00 	273.00 
0.00 	-271.76 
14.86 	-271.47 
29.70 	-270.61 
44.49 	-269.17 
59.22 	-267.17 
73.86 	-264.59 
88.38 	-261.45 
102.78 	-257.76 
111.09 	-255.35 
194.63 	-212.04 
256.87 	-141.45 
289.55 	-52.00 
290.68 	-44.58 
293.02 	-22.34 
293.80 	0.00 
292.19 	30.71 
287.38 	61.08 
279.42 	90.79 
268.40 	119.50 
254.44 	146.90 
237.69 	172.69 
218.34 	196.59 
196.59 	218.34 
172.69 	237.69 
146.90 	254.44 
119.50 	268.40 
90.79 	279.42 
61.08 	287.38 
30.71 	292.19 
0.00 	293.80
0.00 	-293.16 
15.69 	-292.85 
31.35 	-291.94 
46.97 	-290.43 
62.51 	-288.31 
77.97 	-285.59 
93.30 	-282.28 
108.50 	-278.38 
117.27 	-275.84 
207.81 	-228.91 
275.25 	-152.41 
310.67 	-55.48 
311.87 	-47.56 
314.37 	-23.84 
315.20 	0.00 
313.47 	32.95 
308.31 	65.53 
299.77 	97.40 
287.95 	128.20 
272.97 	157.60 
255.00 	185.27 
234.24 	210.91 
210.91 	234.24 
185.27 	255.00 
157.60 	272.97 
128.20 	287.95 
97.40 	299.77 
65.53 	308.31 
32.95 	313.47 
0.00 	315.20
15.70 	-293.16 
31.45 	-293.16 
47.29 	-293.16 
63.27 	-293.16 
79.45 	-293.16 
95.87 	-293.16 
112.60 	-293.16 
122.50 	-293.16
218.96 	-243.17 
290.80 	-161.67 
194.84 	-293.17 
236.45 	-265.55 
315.20 	-176.21 
258.03 	-293.17 
315.20 	-237.17 
315.20 	-293.17
315.20 	-56.21
315.20 	67.00
315.20 	102.41
315.20 	140.34 
315.20 	181.98
315.20 	229.01
315.20 	283.81
283.81 	315.20 
229.01 	315.20 
181.98 	315.20 
140.34 	315.20 
102.41 	315.20 
67.00 	315.20
315.20 	315.20
1	31	61	91	121	151	181	211	241	271	301	331	361	391	421	451	481	511	541	571	601	631	661	691	721	751	781	811	841	871	901	931	961	991	1021	1051	1081	1111	1141	1171	1201	1231	1261	1291	1321	1351	1381	1411	1441	1471	1501	1531	1561	1591	1621	1651	1681	1711    30	60	90	120	150	180	210	240	270	300	330	360	390	420	450	480	510	540	570	600	630	660	690	720	750	780	810	840	870	900	930	960	990	1020	1050	1080	1110	1140	1170	1200	1230	1260	1290	1320	1350	1380	1410	1440	1470	1500	1530	1560	1590	1620	1650	1680	1710	1740
0.00 	0.00 	0.00 	0.00 	0.00 	0.00 	0.00 	0.00 	0.00 	0.00 	0.00 	0.00 	0.00 	0.00 	0.00 	0.00 	0.00 	0.00 	0.00 	0.00 	0.00 	0.00 	0.00 	0.00 	0.00 	0.00 	0.00 	0.00 	0.00 	0.00 	0.00 	0.00 	0.00 	0.00 	0.00 	0.00 	0.00 	0.00 	0.00 	0.00 	0.00 	0.00 	0.00 	0.00 	0.00 	0.00 	0.00 	0.00 	0.00 	0.00 	0.00 	0.00 	0.00 	0.00 	0.00 	0.00 	0.00 	0.00    0.00 	0.00 	0.00 	0.00 	0.00 	0.00 	0.00 	0.00 	0.00 	0.00 	0.00 	0.00 	0.00 	0.00 	0.00 	0.00 	0.00 	0.00 	0.00 	0.00 	0.00 	0.00 	0.00 	0.00 	0.00 	0.00 	0.00 	0.00 	0.00 	0.00 	0.00 	0.00 	0.00 	0.00 	0.00 	0.00 	0.00 	0.00 	0.00 	0.00 	0.00 	0.00 	0.00 	0.00 	0.00 	0.00 	0.00 	0.00 	0.00 	0.00 	0.00 	0.00 	0.00 	0.00 	0.00 	0.00 	0.00 	0.00
1711	1741	1742	1743	1744	1745	1746	1747	1748	1751	1754	1756
0.00 	0.00 	0.00 	0.00 	0.00 	0.00 	0.00 	0.00 	0.00 	0.00 	0.00 	0.00
1725	1753	1755	1756	1757	1758	1759	1760	1761	1762	1763	1770
-9.23E+09	-1.36E+10	-8.78E+09	-4.20E+09	-1.32E+10	-7.68E+09	-5.51E+09	-6.00E+09	-6.68E+09	-7.65E+09	-6.45E+09	-2.33E+09
1764	1765	1766	1767	1768	1769	1740	1770	
-6.45E+09	-7.65E+09	-6.68E+09	-6.00E+09	-5.51E+09	-7.68E+09	-5.03E+09	-2.33E+09
20E+9	0.4	-0.0031	0.008	0.00005	15	0   0.3	1 100
22E09   0.2	1	30	1.E+06	30.	0.1E+06	2.5E+06	.0E+06	0	2.04	900	1.0E-05	0	-10	0.008	1.00E-16	22	0	1.00E-16	80	0	1.40E-07	0	1	1	0  
20E+9	0.4	-0.0031	0.008	0.00005	15	10	0.28	1 100
22E09   0.2	1	30	1.E+06	30.	0.1E+06	2.5E+06	.0E+06	0	2.04	900	1.0E-05	0	-10	0.008	1.00E-16	22	0	1.00E-16	80	0	1.40E-07	0	1	1	0
20E+9	0.4	-0.0031	0.008	0.00005	15	10	0.28	1 100
22E09   0.2	1	30	1.E+06	30.	0.1E+06	2.5E+06	.0E+06	0	2.04	900	1.0E-05	0	-10	0.008	1.00E-16	22	0	1.00E-16	80	0	1.40E-07	0	1	1	0
10	0.100	1.0	0	27	33	1
0.	0.	0.	0.
22.	3600	10	334000000.000	0.

